dom	sex	house	w	income	lab
27	1	68	3022,84031	6262,4	3
27	2	68	3022,84031	6262,4	3
27	1	68	3022,84031	6262,4	3
27	1	68	3022,84031	6262,4	3
27	2	69	2649,44846	16433,5	3
27	1	70	2821,93587	14981,36	1
27	2	70	2821,93587	14981,36	1
27	1	70	2821,93587	14981,36	2
27	2	70	2821,93587	14981,36	3
27	2	71	2538,62973	10605,8	3
27	2	72	2043,73878	11331,21739	0
27	2	72	2043,73878	11331,21739	1
27	2	72	2043,73878	11331,21739	0
27	1	72	2043,73878	11331,21739	1
27	2	73	2969,46365	6482,4	3
27	1	73	2969,46365	6482,4	3
32	1	74	1475,53391	25965,22222	0
32	2	74	1475,53391	25965,22222	1
32	1	74	1475,53391	25965,22222	1
32	2	75	434,03553	14755,53333	3
32	2	75	434,03553	14755,53333	1
32	2	76	1602,8082	15950,61	3
32	1	77	1962,39072	31526,18	1
32	2	77	1962,39072	31526,18	1
32	1	77	1962,39072	31526,18	2
32	1	78	3379,58335	6585,5	1
32	1	78	3379,58335	6585,5	1
32	2	78	3379,58335	6585,5	3
32	1	78	3379,58335	6585,5	2
32	2	79	2168,98368	15756,75	3
32	1	79	2168,98368	15756,75	1
32	1	79	2168,98368	15756,75	3
32	1	81	1915,76827	21324,52381	0
32	1	81	1915,76827	21324,52381	0
32	2	81	1915,76827	21324,52381	1
32	1	81	1915,76827	21324,52381	1
32	2	82	1573,10154	28167,4	3
32	1	82	1573,10154	28167,4	3
32	1	83	2061,07115	12628,6	3
32	1	83	2061,07115	12628,6	1
32	2	83	2061,07115	12628,6	3
32	1	85	2755,98481	24952,2	3
32	2	86	1614,89632	31780,26667	3
32	1	86	1614,89632	31780,26667	1
32	1	87	1716,64796	9432,632	3
32	2	87	1716,64796	9432,632	3
32	2	87	1716,64796	9432,632	3
32	1	87	1716,64796	9432,632	1
32	2	88	1405,44182	13830	3
30	2	89	1835,77346	28972,2	3
30	1	89	1835,77346	28972,2	3
32	2	90	1850,08774	8787,6	3
32	1	90	1850,08774	8787,6	3
32	2	91	1862,62181	11756,2	3
32	1	91	1862,62181	11756,2	3
32	2	93	1086,79656	8837,777778	0
32	1	93	1086,79656	8837,777778	2
32	2	93	1086,79656	8837,777778	1
32	2	94	1302,89857	12064,98	2
32	2	94	1302,89857	12064,98	1
32	1	94	1302,89857	12064,98	2
32	1	95	2929,0852	386,24	3
32	1	96	1983,16132	20092,73333	1
32	2	96	1983,16132	20092,73333	3
32	2	97	1820,62584	1477,870833	0
32	2	97	1820,62584	1477,870833	0
32	1	97	1820,62584	1477,870833	0
32	1	97	1820,62584	1477,870833	2
32	2	97	1820,62584	1477,870833	2
32	1	98	2306,19999	16872,5	3
32	1	99	886,12536	14214,72222	0
32	1	99	886,12536	14214,72222	1
32	2	99	886,12536	14214,72222	1
32	1	102	2085,73062	9412,266667	3
32	2	102	2085,73062	9412,266667	3
32	2	103	1177,68717	10736,5	3
30	2	104	1764,60483	25921,04762	1
30	1	104	1764,60483	25921,04762	1
30	1	104	1764,60483	25921,04762	0
30	1	104	1764,60483	25921,04762	0
30	1	105	3520,35819	675	3
30	2	108	3554,18348	13566,16	1
30	1	108	3554,18348	13566,16	1
30	1	108	3554,18348	13566,16	2
30	2	108	3554,18348	13566,16	1
30	2	109	6994,91769	1505,3	2
30	2	111	6577,76948	4423,014286	0
30	1	111	6577,76948	4423,014286	0
30	2	111	6577,76948	4423,014286	1
30	1	111	6577,76948	4423,014286	0
30	2	113	2233,30045	11869,7	3
30	1	114	2000,68966	12417,805	2
30	2	114	2000,68966	12417,805	2
30	1	114	2000,68966	12417,805	1
30	2	115	2251,782	24466,9	3
30	1	115	2251,782	24466,9	1
30	2	115	2251,782	24466,9	3
30	1	117	7700,52126	8182,286957	0
30	2	117	7700,52126	8182,286957	0
30	2	117	7700,52126	8182,286957	2
30	1	117	7700,52126	8182,286957	2
30	1	118	3661,22803	3465,3	2
30	2	119	2802,81122	22800,2	2
30	1	119	2802,81122	22800,2	2
30	2	119	2802,81122	22800,2	1
30	1	119	2802,81122	22800,2	3
30	2	120	4060,82809	9000,7	3
30	2	121	3614,30274	14090,60556	0
30	1	121	3614,30274	14090,60556	1
30	2	121	3614,30274	14090,60556	1
30	2	122	2232,27897	8390,111111	0
30	2	122	2232,27897	8390,111111	2
30	1	122	2232,27897	8390,111111	1
33	1	123	2249,7807	3359,666667	2
33	2	123	2249,7807	3359,666667	3
33	2	124	2238,50798	9415,4	3
33	2	125	1618,9705	12274,3	3
33	2	126	2147,21048	11134	1
33	1	126	2147,21048	11134	1
33	1	127	4469,72473	715,6111111	0
33	2	127	4469,72473	715,6111111	2
33	1	127	4469,72473	715,6111111	2
33	2	128	3900,04828	9019,75	3
33	1	130	1312,1805	2561,533333	2
33	2	130	1312,1805	2561,533333	2
33	1	131	5668,06972	2695	3
33	2	131	5668,06972	2695	3
33	2	131	5668,06972	2695	3
33	2	131	5668,06972	2695	1
33	2	131	5668,06972	2695	3
33	1	131	5668,06972	2695	3
33	2	132	1858,92657	232,7826087	0
33	2	132	1858,92657	232,7826087	3
33	1	132	1858,92657	232,7826087	1
33	2	132	1858,92657	232,7826087	3
33	2	133	1032,52876	10503,53333	1
33	2	133	1032,52876	10503,53333	1
33	1	134	2202,14667	13109,38667	1
33	2	134	2202,14667	13109,38667	3
33	2	135	3279,60748	11106,15	3
33	1	135	3279,60748	11106,15	3
33	2	135	3279,60748	11106,15	3
33	2	137	2318,88558	6740,92	3
33	1	137	2318,88558	6740,92	2
33	1	137	2318,88558	6740,92	1
33	2	137	2318,88558	6740,92	3
32	2	138	494,23479	12472,97	1
32	2	139	2711,84776	8817,3	3
32	2	140	1272,78314	24097,2381	1
32	1	140	1272,78314	24097,2381	1
32	2	140	1272,78314	24097,2381	0
32	1	140	1272,78314	24097,2381	0
32	1	141	1445,31335	21878,096	3
32	2	141	1445,31335	21878,096	2
32	2	141	1445,31335	21878,096	3
32	2	141	1445,31335	21878,096	3
32	1	142	2189,3529	8790,785714	1
32	2	142	2189,3529	8790,785714	1
32	1	142	2189,3529	8790,785714	0
32	1	142	2189,3529	8790,785714	3
32	1	142	2189,3529	8790,785714	3
32	1	143	2164,96436	62556,812	1
32	1	143	2164,96436	62556,812	1
32	1	143	2164,96436	62556,812	3
32	2	143	2164,96436	62556,812	1
32	1	144	1809,45762	23760,66	1
32	2	144	1809,45762	23760,66	2
29	2	145	4620,52862	11678,93333	1
29	1	145	4620,52862	11678,93333	1
29	2	146	1345,41509	6736,48	3
29	1	146	1345,41509	6736,48	1
29	1	147	5008,38276	11064,6	1
29	1	148	1952,93378	20200,19444	0
29	2	148	1952,93378	20200,19444	2
29	1	148	1952,93378	20200,19444	1
29	1	149	2709,55341	16634,26667	1
29	2	149	2709,55341	16634,26667	1
29	2	150	2310,80928	7688,266667	3
29	1	150	2310,80928	7688,266667	3
29	1	151	1311,3011	20339,9375	0
29	2	151	1311,3011	20339,9375	1
29	2	151	1311,3011	20339,9375	0
29	2	152	1949,12144	18501,33333	0
29	2	152	1949,12144	18501,33333	1
29	1	152	1949,12144	18501,33333	1
33	2	153	1599,02934	32469,6	1
33	1	153	1599,02934	32469,6	1
33	1	154	1764,60483	10132,57143	0
33	1	154	1764,60483	10132,57143	0
33	2	154	1764,60483	10132,57143	1
33	1	154	1764,60483	10132,57143	2
33	1	155	8848,78266	7899,133333	3
33	2	155	8848,78266	7899,133333	3
34	2	156	850,07647	11513,2	3
34	2	157	850,07647	12042	3
34	1	158	2379,68143	19954,25	3
34	2	158	2379,68143	19954,25	1
34	1	158	2379,68143	19954,25	1
34	2	159	1746,50585	12276,4	1
34	1	159	1746,50585	12276,4	3
34	1	160	2940,66642	16962,8	1
34	2	160	2940,66642	16962,8	1
34	1	160	2940,66642	16962,8	3
34	2	161	2649,44846	501,1	3
34	1	162	2120,00123	13061,8	3
34	2	162	2120,00123	13061,8	2
34	1	163	3643,18501	9304,908333	0
34	1	163	3643,18501	9304,908333	0
34	1	163	3643,18501	9304,908333	0
34	1	163	3643,18501	9304,908333	1
34	2	163	3643,18501	9304,908333	2
34	2	164	3900,56181	30156,8	3
34	1	164	3900,56181	30156,8	3
34	2	165	1455,24485	7633,34	1
34	1	165	1455,24485	7633,34	2
34	2	165	1455,24485	7633,34	3
30	1	168	3344,631	10317,1	2
30	1	169	1453,97344	4767,01	3
30	2	169	1453,97344	4767,01	1
30	1	169	1453,97344	4767,01	2
30	1	170	617,03468	16247,68667	2
30	2	170	617,03468	16247,68667	1
28	1	171	1409,71079	15470,22222	1
28	2	171	1409,71079	15470,22222	0
28	2	171	1409,71079	15470,22222	2
28	2	172	1823,01285	5371,933333	2
28	2	172	1823,01285	5371,933333	3
28	1	174	2077,62211	5874,769565	3
28	2	174	2077,62211	5874,769565	2
28	2	174	2077,62211	5874,769565	0
28	1	174	2077,62211	5874,769565	2
28	1	175	2603,01645	10217,36667	1
28	2	175	2603,01645	10217,36667	0
28	2	175	2603,01645	10217,36667	0
28	2	175	2603,01645	10217,36667	1
28	1	177	2705,74888	9822,569231	0
28	1	177	2705,74888	9822,569231	0
28	2	177	2705,74888	9822,569231	3
28	1	177	2705,74888	9822,569231	1
28	2	177	2705,74888	9822,569231	3
6	2	854	1745,67024	20746,56522	0
6	2	854	1745,67024	20746,56522	0
6	2	854	1745,67024	20746,56522	3
6	1	854	1745,67024	20746,56522	1
6	1	855	3422,38033	11427,2	3
6	1	855	3422,38033	11427,2	1
6	2	855	3422,38033	11427,2	1
6	2	856	2336,95877	3348,206667	2
6	1	856	2336,95877	3348,206667	2
6	2	857	2782,1218	6917,52	3
6	2	857	2782,1218	6917,52	3
6	1	857	2782,1218	6917,52	1
6	2	857	2782,1218	6917,52	3
6	2	858	1905,91582	17096,42857	0
6	2	858	1905,91582	17096,42857	1
6	1	858	1905,91582	17096,42857	1
6	1	858	1905,91582	17096,42857	0
6	2	859	1699,21011	30749,52	1
6	2	859	1699,21011	30749,52	3
6	2	859	1699,21011	30749,52	1
6	1	859	1699,21011	30749,52	1
6	2	860	1743,56983	33275,95	3
6	2	860	1743,56983	33275,95	3
6	1	860	1743,56983	33275,95	1
6	2	861	2016,53015	7365,066667	3
6	1	861	2016,53015	7365,066667	3
21	2	1693	931,35507	21818,86667	3
21	1	1693	931,35507	21818,86667	1
20	1	2744	1672,00633	14221,68571	0
20	2	2744	1672,00633	14221,68571	0
20	2	2744	1672,00633	14221,68571	1
20	1	2744	1672,00633	14221,68571	2
20	2	2746	1543,17366	9463,533333	3
20	1	2746	1543,17366	9463,533333	3
20	1	2747	550,74301	4325,657143	1
20	2	2747	550,74301	4325,657143	0
20	2	2747	550,74301	4325,657143	0
20	2	2747	550,74301	4325,657143	2
20	1	2748	2444,9922	13730,6	1
20	1	2749	1302,2967	5389,434783	0
20	2	2749	1302,2967	5389,434783	2
20	2	2749	1302,2967	5389,434783	3
20	1	2749	1302,2967	5389,434783	3
20	1	2750	1312,13716	25720,8	3
20	2	2750	1312,13716	25720,8	3
14	2	2752	2773,20598	11370,33333	0
14	1	2752	2773,20598	11370,33333	1
14	2	2752	2773,20598	11370,33333	3
14	1	2752	2773,20598	11370,33333	0
14	2	2753	2720,3513	16917,46667	0
14	2	2753	2720,3513	16917,46667	3
14	1	2753	2720,3513	16917,46667	1
14	2	2754	1997,39848	35923,1	1
14	1	2755	1842,98149	19943,68889	0
14	1	2755	1842,98149	19943,68889	1
14	2	2755	1842,98149	19943,68889	1
14	1	2756	774,74062	6551,166667	1
14	2	2756	774,74062	6551,166667	0
14	2	2756	774,74062	6551,166667	2
20	1	2757	1291,92153	10475,04762	2
20	2	2757	1291,92153	10475,04762	2
20	1	2757	1291,92153	10475,04762	0
20	1	2757	1291,92153	10475,04762	0
20	2	2758	1543,17366	11224,66667	3
20	1	2758	1543,17366	11224,66667	3
20	1	2759	2298,78998	13779,3	3
20	1	2760	889,53988	14111,27	2
20	2	2760	889,53988	14111,27	2
20	2	2760	889,53988	14111,27	2
20	1	2761	2506,89178	9540,85	3
20	1	2761	2506,89178	9540,85	2
20	2	2761	2506,89178	9540,85	3
20	1	2762	851,96378	15030,15714	0
20	1	2762	851,96378	15030,15714	1
20	2	2762	851,96378	15030,15714	3
20	1	2762	851,96378	15030,15714	0
20	2	2763	1578,35018	17110,33333	0
20	1	2763	1578,35018	17110,33333	1
20	2	2763	1578,35018	17110,33333	1
22	1	2764	1923,6207	11837,8	3
22	2	2765	1201,49076	10862,86667	3
22	1	2765	1201,49076	10862,86667	3
22	1	2767	1603,7602	6694,6	3
22	2	2767	1603,7602	6694,6	2
22	2	2767	1603,7602	6694,6	3
22	2	2768	1490,73061	11693,94444	0
22	1	2768	1490,73061	11693,94444	1
22	2	2768	1490,73061	11693,94444	1
22	1	2769	2363,24693	10712,992	3
22	1	2769	2363,24693	10712,992	1
22	2	2769	2363,24693	10712,992	1
22	1	2769	2363,24693	10712,992	3
23	1	2770	2026,43245	7602,333333	0
23	2	2770	2026,43245	7602,333333	0
23	2	2770	2026,43245	7602,333333	2
23	1	2770	2026,43245	7602,333333	2
23	2	2771	611,39543	17013,1	3
20	2	2772	2853,66831	19109,2	1
20	2	2772	2853,66831	19109,2	1
20	2	2772	2853,66831	19109,2	3
20	1	2772	2853,66831	19109,2	1
20	2	2773	2709,55341	7912,533333	2
20	1	2773	2709,55341	7912,533333	1
20	1	2774	1378,72337	17022,50645	0
20	1	2774	1378,72337	17022,50645	1
20	2	2774	1378,72337	17022,50645	0
20	2	2774	1378,72337	17022,50645	1
20	2	2774	1378,72337	17022,50645	1
20	1	2774	1378,72337	17022,50645	1
20	2	2775	1704,99914	12344,72222	0
20	2	2775	1704,99914	12344,72222	3
20	1	2775	1704,99914	12344,72222	1
20	2	2776	2777,16051	17889,836	1
20	2	2776	2777,16051	17889,836	3
20	2	2776	2777,16051	17889,836	3
20	1	2776	2777,16051	17889,836	3
20	2	2777	2371,91402	75393,6	1
20	1	2777	2371,91402	75393,6	2
20	1	2777	2371,91402	75393,6	1
20	2	2778	2605,13356	11227,2	3
20	1	2778	2605,13356	11227,2	3
20	2	2779	1964,84608	27194,46667	3
20	1	2779	1964,84608	27194,46667	3
25	1	2781	1360,49735	10426,05484	0
25	1	2781	1360,49735	10426,05484	0
25	2	2781	1360,49735	10426,05484	2
25	2	2781	1360,49735	10426,05484	2
25	1	2781	1360,49735	10426,05484	1
25	2	2781	1360,49735	10426,05484	3
14	1	2783	795,99974	38435,4	1
14	2	2784	841,44618	45271,9	2
14	1	2785	1330,96456	16034,76	1
14	1	2785	1330,96456	16034,76	1
14	2	2785	1330,96456	16034,76	1
14	2	2785	1330,96456	16034,76	1
14	2	2786	1000,26545	3380,25	2
14	1	2786	1000,26545	3380,25	1
14	1	2786	1000,26545	3380,25	3
14	2	2787	1165,77009	26113,57143	0
14	2	2787	1165,77009	26113,57143	1
14	1	2787	1165,77009	26113,57143	2
14	2	2787	1165,77009	26113,57143	0
14	1	2788	1467,62195	30645,52381	0
14	2	2788	1467,62195	30645,52381	0
14	1	2788	1467,62195	30645,52381	1
14	2	2788	1467,62195	30645,52381	1
14	2	2789	1816,89647	41228,835	3
14	1	2789	1816,89647	41228,835	1
14	1	2789	1816,89647	41228,835	1
23	2	2790	1945,08578	4792,73	3
23	2	2790	1945,08578	4792,73	2
23	1	2790	1945,08578	4792,73	3
23	2	2791	2851,39491	9876,6	3
23	1	2791	2851,39491	9876,6	3
23	2	2791	2851,39491	9876,6	1
23	1	2791	2851,39491	9876,6	1
23	2	2793	1791,32083	15456,65	3
23	2	2793	1791,32083	15456,65	2
23	1	2793	1791,32083	15456,65	3
23	2	2794	1504,99169	12993,5	3
23	2	2795	2946,79338	9561,5	3
23	2	2796	3431,42852	11084,2	3
23	1	2796	3431,42852	11084,2	3
20	1	2797	1336,07373	10469,5	1
20	2	2797	1336,07373	10469,5	2
20	1	2797	1336,07373	10469,5	3
20	2	2798	1523,76813	16807,61111	0
20	2	2798	1523,76813	16807,61111	1
20	1	2798	1523,76813	16807,61111	1
20	1	2799	2444,9922	13229,9	1
20	2	2800	1638,93878	7515,605714	3
20	1	2800	1638,93878	7515,605714	2
20	2	2800	1638,93878	7515,605714	2
20	1	2800	1638,93878	7515,605714	2
20	1	2800	1638,93878	7515,605714	3
20	2	2800	1638,93878	7515,605714	3
20	2	2801	2795,93511	15823,4	3
20	1	2801	2795,93511	15823,4	3
20	2	2802	1044,676	11560,53429	3
20	1	2802	1044,676	11560,53429	3
20	1	2802	1044,676	11560,53429	3
20	2	2802	1044,676	11560,53429	1
20	2	2802	1044,676	11560,53429	3
20	1	2802	1044,676	11560,53429	1
20	1	2803	2432,58418	10623,544	3
20	1	2803	2432,58418	10623,544	2
20	2	2803	2432,58418	10623,544	2
20	2	2803	2432,58418	10623,544	3
20	1	2804	1482,14332	22458,36111	0
20	2	2804	1482,14332	22458,36111	1
20	1	2804	1482,14332	22458,36111	1
24	1	2805	1385,01154	11334,13333	3
24	2	2805	1385,01154	11334,13333	3
24	1	2806	443,53952	10488,255	3
24	1	2806	443,53952	10488,255	3
24	2	2806	443,53952	10488,255	2
24	1	2808	2882,40639	13174,2	1
24	1	2809	1291,92153	16067,30952	1
24	1	2809	1291,92153	16067,30952	0
24	1	2809	1291,92153	16067,30952	0
24	2	2809	1291,92153	16067,30952	2
24	2	2810	1555,38322	11376,91304	0
24	1	2810	1555,38322	11376,91304	3
24	2	2810	1555,38322	11376,91304	3
24	1	2810	1555,38322	11376,91304	1
24	2	2811	1531,234	21800,93333	1
24	1	2811	1531,234	21800,93333	2
17	2	2812	676,64154	14610,635	3
17	2	2812	676,64154	14610,635	3
17	1	2812	676,64154	14610,635	1
17	1	2813	2973,99548	27691,16667	2
17	2	2813	2973,99548	27691,16667	3
17	1	2815	1915,65836	6207,677778	2
17	2	2815	1915,65836	6207,677778	3
17	2	2815	1915,65836	6207,677778	0
17	1	2816	1598,17751	21408,66667	1
17	2	2816	1598,17751	21408,66667	1
17	1	2816	1598,17751	21408,66667	0
17	1	2816	1598,17751	21408,66667	0
16	1	2817	2548,39873	20221,455	1
16	1	2817	2548,39873	20221,455	1
16	2	2817	2548,39873	20221,455	3
16	2	2818	1574,50229	15160,42857	0
16	2	2818	1574,50229	15160,42857	1
16	1	2818	1574,50229	15160,42857	0
16	1	2818	1574,50229	15160,42857	1
16	2	2819	2072,32289	12552,68	3
16	2	2819	2072,32289	12552,68	3
16	1	2819	2072,32289	12552,68	1
16	2	2819	2072,32289	12552,68	1
16	2	2821	1577,17037	15606,8	0
16	2	2821	1577,17037	15606,8	2
16	1	2822	2795,39257	6978,65	2
16	2	2823	1403,76167	18405,72	2
16	2	2823	1403,76167	18405,72	1
16	2	2823	1403,76167	18405,72	3
16	1	2823	1403,76167	18405,72	3
13	2	2824	1702,69991	22187,14286	0
13	2	2824	1702,69991	22187,14286	0
13	2	2824	1702,69991	22187,14286	1
13	1	2824	1702,69991	22187,14286	3
15	2	2825	2518,73325	11240,604	3
15	1	2825	2518,73325	11240,604	2
15	2	2825	2518,73325	11240,604	1
15	1	2825	2518,73325	11240,604	2
15	2	2826	3633,87209	17492,77778	0
15	1	2826	3633,87209	17492,77778	1
15	2	2826	3633,87209	17492,77778	1
15	1	2827	4741,98529	12090,9	1
15	2	2828	3844,83136	24059,4	3
15	1	2829	2466,56567	15723,26667	3
15	2	2829	2466,56567	15723,26667	3
15	1	2830	2737,08375	18683,58	3
15	2	2830	2737,08375	18683,58	1
15	1	2830	2737,08375	18683,58	1
15	2	2831	1998,73311	6835,6	3
15	2	2831	1998,73311	6835,6	3
15	2	2832	2206,81516	11802,6	3
15	2	2833	708,05742	16758,3	1
15	1	2834	5141,41751	33871,37778	0
15	2	2834	5141,41751	33871,37778	2
15	1	2834	5141,41751	33871,37778	1
15	2	2835	2176,78484	60000,20667	1
15	1	2835	2176,78484	60000,20667	1
15	2	2836	2106,47417	18583,20333	3
15	1	2836	2106,47417	18583,20333	1
15	2	2836	2106,47417	18583,20333	1
15	1	2836	2106,47417	18583,20333	2
15	1	2836	2106,47417	18583,20333	3
15	1	2837	1598,24911	13667,28077	0
15	2	2837	1598,24911	13667,28077	3
15	2	2837	1598,24911	13667,28077	2
15	1	2837	1598,24911	13667,28077	1
15	1	2837	1598,24911	13667,28077	0
15	2	2839	1655,68511	16228,65217	0
15	2	2839	1655,68511	16228,65217	0
15	1	2839	1655,68511	16228,65217	1
15	2	2839	1655,68511	16228,65217	2
15	2	2840	2525,07541	15748,88889	0
15	2	2840	2525,07541	15748,88889	1
15	1	2840	2525,07541	15748,88889	2
15	2	2841	2253,48405	18097,93333	3
15	1	2841	2253,48405	18097,93333	3
15	2	2843	2114,51049	9541,4	3
15	2	2844	762,98321	18080,07692	1
15	1	2844	762,98321	18080,07692	0
15	2	2845	1567,69031	13299,46667	1
15	2	2845	1567,69031	13299,46667	3
15	1	2846	1963,65588	11448	3
15	2	2846	1963,65588	11448	3
15	1	2847	6122,0119	20421,7	1
15	2	2848	1592,45983	10163,33333	3
15	2	2848	1592,45983	10163,33333	0
15	1	2848	1592,45983	10163,33333	0
15	2	2848	1592,45983	10163,33333	3
15	1	2849	5993,37069	11183,8	2
15	1	2850	3281,64381	4890,39	2
15	1	2851	2009,60764	19720,73333	1
15	2	2851	2009,60764	19720,73333	1
15	1	2852	3732,10981	10466,2	3
15	2	2853	3100,27104	16261,73333	3
15	1	2853	3100,27104	16261,73333	1
15	1	2854	2565,4314	21765,68	1
15	2	2854	2565,4314	21765,68	1
15	2	2855	1226,41957	24229,66667	1
15	2	2855	1226,41957	24229,66667	1
15	2	2856	2214,54843	28924,46	1
15	1	2856	2214,54843	28924,46	2
15	1	2857	2290,79404	16536,4	1
15	2	2857	2290,79404	16536,4	1
15	2	2858	2218,793	25158,4	1
15	1	2858	2218,793	25158,4	3
31	1	3216	5287,23784	14376,53333	3
31	2	3216	5287,23784	14376,53333	3
31	2	3217	5229,287	7130,4	3
31	1	3217	5229,287	7130,4	3
31	2	3218	713,07453	11888	3
32	2	3219	11094,54677	7011,8	1
32	1	3219	11094,54677	7011,8	2
32	2	3220	2316,99232	12802,92	3
32	2	3220	2316,99232	12802,92	1
32	1	3220	2316,99232	12802,92	1
32	2	3220	2316,99232	12802,92	3
32	2	3221	3307,40653	11663,53	1
32	2	3222	1527,29568	20098,66667	3
32	1	3222	1527,29568	20098,66667	3
32	1	3223	1436,27077	10264,39394	0
32	2	3223	1436,27077	10264,39394	0
32	1	3223	1436,27077	10264,39394	3
32	1	3223	1436,27077	10264,39394	1
32	2	3223	1436,27077	10264,39394	3
32	1	3223	1436,27077	10264,39394	2
32	2	3224	1947,58112	7607,230769	0
32	2	3224	1947,58112	7607,230769	1
32	2	3225	1280,93311	17684,82	3
32	2	3225	1280,93311	17684,82	1
32	2	3226	1527,29568	15113,26667	3
32	1	3226	1527,29568	15113,26667	3
32	2	3227	955,58103	14060,3	0
32	2	3227	955,58103	14060,3	3
32	2	3227	955,58103	14060,3	3
32	2	3227	955,58103	14060,3	3
32	1	3227	955,58103	14060,3	1
32	2	3230	2420,65288	8209,8	3
32	1	3231	2319,29261	20401,3	1
32	1	3231	2319,29261	20401,3	3
32	2	3231	2319,29261	20401,3	3
32	2	3232	1718,32927	11655	3
32	1	3233	1565,38211	18666	1
32	2	3233	1565,38211	18666	3
32	1	3235	2335,59339	37120,33333	1
32	2	3235	2335,59339	37120,33333	3
32	2	3238	3888,48924	9134,4	3
27	2	3239	646,45619	46619,14286	0
27	2	3239	646,45619	46619,14286	0
27	1	3239	646,45619	46619,14286	1
27	2	3239	646,45619	46619,14286	1
27	2	3240	1578,53422	7260	3
27	1	3240	1578,53422	7260	3
27	2	3243	1077,75673	24299,75	3
27	2	3243	1077,75673	24299,75	1
27	1	3243	1077,75673	24299,75	2
27	2	3244	1418,20651	14756,08	1
27	2	3244	1418,20651	14756,08	1
27	1	3244	1418,20651	14756,08	1
27	2	3244	1418,20651	14756,08	3
31	1	3245	1552,90885	16747,93333	3
31	2	3245	1552,90885	16747,93333	3
31	2	3246	1678,79505	9941,28	3
31	2	3246	1678,79505	9941,28	0
31	2	3246	1678,79505	9941,28	3
31	1	3246	1678,79505	9941,28	1
31	1	3247	3039,58676	11081,2	3
31	2	3248	1769,99454	7349,92	3
31	2	3248	1769,99454	7349,92	2
31	2	3248	1769,99454	7349,92	3
31	1	3248	1769,99454	7349,92	2
31	1	3249	2271,04386	15196,19	1
31	2	3249	2271,04386	15196,19	1
31	1	3249	2271,04386	15196,19	1
31	1	3250	1696,67793	12925,4	3
31	2	3250	1696,67793	12925,4	2
31	1	3250	1696,67793	12925,4	2
28	1	3252	670,59063	13854,38462	0
28	1	3252	670,59063	13854,38462	0
28	2	3252	670,59063	13854,38462	0
28	2	3252	670,59063	13854,38462	1
28	1	3252	670,59063	13854,38462	1
28	1	3253	1359,23696	10436,45833	0
28	1	3253	1359,23696	10436,45833	1
28	2	3253	1359,23696	10436,45833	3
28	1	3253	1359,23696	10436,45833	0
28	2	3253	1359,23696	10436,45833	0
28	2	3254	1624,57026	27860,47619	0
28	2	3254	1624,57026	27860,47619	0
28	2	3254	1624,57026	27860,47619	1
28	1	3254	1624,57026	27860,47619	1
28	1	3257	503,35965	11071,92222	1
28	1	3257	503,35965	11071,92222	0
28	2	3257	503,35965	11071,92222	2
32	2	3259	832,86711	11184,1	3
32	2	3260	1732,79199	3392	3
32	1	3260	1732,79199	3392	2
32	1	3261	1387,74454	8729,421053	0
32	1	3261	1387,74454	8729,421053	0
32	2	3261	1387,74454	8729,421053	0
32	2	3261	1387,74454	8729,421053	1
33	1	3262	1346,57015	18862,3	1
32	2	3263	854,10473	18225,53	3
32	1	3263	854,10473	18225,53	3
32	2	3263	854,10473	18225,53	1
32	1	3264	1382,58867	26638,8	0
32	2	3264	1382,58867	26638,8	1
32	1	3264	1382,58867	26638,8	1
32	1	3265	555,45803	15817,61111	0
32	2	3265	555,45803	15817,61111	3
32	1	3265	555,45803	15817,61111	3
32	1	3266	1460,9525	13951,19231	0
32	1	3266	1460,9525	13951,19231	0
32	1	3266	1460,9525	13951,19231	3
32	2	3266	1460,9525	13951,19231	2
32	1	3266	1460,9525	13951,19231	1
27	1	3267	703,11298	6436	1
27	1	3267	703,11298	6436	3
27	2	3267	703,11298	6436	1
27	2	3268	1291,56895	2440,521739	0
27	2	3268	1291,56895	2440,521739	3
27	2	3268	1291,56895	2440,521739	3
27	1	3268	1291,56895	2440,521739	1
27	2	3269	794,02793	9119,378571	0
27	1	3269	794,02793	9119,378571	3
27	1	3269	794,02793	9119,378571	3
27	2	3269	794,02793	9119,378571	1
27	1	3269	794,02793	9119,378571	1
27	2	3271	1353,25035	8161,769231	1
27	2	3271	1353,25035	8161,769231	0
27	2	3272	1031,60053	10311,8	3
27	1	3272	1031,60053	10311,8	0
27	1	3272	1031,60053	10311,8	1
27	1	3274	1431,64894	12442,92308	0
27	2	3274	1431,64894	12442,92308	1
27	1	3275	1418,43874	10675,26667	3
27	2	3275	1418,43874	10675,26667	3
27	2	3276	2601,38621	10342	3
27	2	3277	4723,91301	18749,03333	1
27	1	3277	4723,91301	18749,03333	1
33	1	3278	3699,0204	9203,509524	0
33	1	3278	3699,0204	9203,509524	0
33	2	3278	3699,0204	9203,509524	2
33	1	3278	3699,0204	9203,509524	2
33	1	3279	706,44824	22365,26667	1
33	2	3279	706,44824	22365,26667	3
33	2	3281	3360,2938	8476,4	3
33	1	3281	3360,2938	8476,4	3
33	1	3282	2993,01191	13404	3
33	2	3286	3551,72928	19254,29333	3
33	1	3286	3551,72928	19254,29333	3
33	2	3288	5052,56764	17613,06667	3
33	1	3288	5052,56764	17613,06667	1
33	1	3291	5351,90138	1395,307692	0
33	2	3291	5351,90138	1395,307692	2
33	2	3292	4790,00681	12277,73333	3
33	1	3292	4790,00681	12277,73333	3
30	2	3294	1417,14148	18251,67778	0
30	2	3294	1417,14148	18251,67778	1
30	1	3294	1417,14148	18251,67778	1
30	2	3295	1018,50039	7221,266667	3
30	1	3295	1018,50039	7221,266667	3
30	1	3296	1257,47925	8562,173913	0
30	1	3296	1257,47925	8562,173913	3
30	2	3296	1257,47925	8562,173913	3
30	1	3296	1257,47925	8562,173913	1
30	2	3297	2699,71564	20822,26667	3
30	1	3297	2699,71564	20822,26667	1
30	2	3300	826,44023	216,96	3
13	1	3301	1224,80893	30624,95238	0
13	2	3301	1224,80893	30624,95238	0
13	2	3301	1224,80893	30624,95238	1
13	1	3301	1224,80893	30624,95238	1
29	1	3302	1236,1574	7837,92	3
29	2	3302	1236,1574	7837,92	3
29	2	3302	1236,1574	7837,92	2
29	1	3302	1236,1574	7837,92	2
29	1	3303	750,58937	12108,82609	0
29	2	3303	750,58937	12108,82609	3
29	2	3303	750,58937	12108,82609	3
29	1	3303	750,58937	12108,82609	1
29	1	3307	5160,26497	16695,8	1
34	1	3308	2695,41592	31574,1	1
34	2	3308	2695,41592	31574,1	3
34	1	3308	2695,41592	31574,1	3
34	2	3309	3137,77129	21680,24444	0
34	1	3309	3137,77129	21680,24444	1
34	2	3309	3137,77129	21680,24444	2
34	1	3311	1783,01196	8007,95	3
34	2	3311	1783,01196	8007,95	3
34	1	3311	1783,01196	8007,95	3
34	1	3312	3666,8492	17657,2381	1
34	1	3312	3666,8492	17657,2381	0
34	2	3312	3666,8492	17657,2381	0
34	2	3312	3666,8492	17657,2381	1
34	1	3313	1200,94508	20608,5	0
34	1	3313	1200,94508	20608,5	0
34	1	3313	1200,94508	20608,5	3
34	2	3313	1200,94508	20608,5	1
34	1	3313	1200,94508	20608,5	1
32	2	3314	1745,37904	24963,056	0
32	2	3314	1745,37904	24963,056	3
32	2	3314	1745,37904	24963,056	1
32	1	3314	1745,37904	24963,056	2
32	1	3315	1740,1821	24838,328	2
32	1	3315	1740,1821	24838,328	3
32	2	3315	1740,1821	24838,328	1
32	1	3315	1740,1821	24838,328	1
32	2	3316	2498,95546	36800,46667	3
32	1	3316	2498,95546	36800,46667	1
32	1	3317	2463,23085	58305,116	3
32	2	3317	2463,23085	58305,116	1
32	1	3317	2463,23085	58305,116	1
32	2	3317	2463,23085	58305,116	1
32	2	3318	2355,61143	14046,48	3
32	1	3318	2355,61143	14046,48	1
32	1	3318	2355,61143	14046,48	3
32	2	3318	2355,61143	14046,48	3
32	1	3319	4324,59869	9129,333333	3
32	2	3319	4324,59869	9129,333333	3
32	1	3320	1922,69585	7600,93	3
32	2	3320	1922,69585	7600,93	2
32	1	3320	1922,69585	7600,93	1
32	1	3321	2358,38197	13985,73333	1
32	2	3321	2358,38197	13985,73333	1
3	2	3362	1939,53255	7373,34	1
7	2	3941	1583,74129	7695,5	3
7	2	3942	1339,00833	17975,4	3
7	2	3942	1339,00833	17975,4	1
7	1	3943	1749,71869	10813,8	3
7	2	3945	1578,53422	13558,86667	3
7	1	3945	1578,53422	13558,86667	3
7	2	3946	1578,53422	14705,66667	3
7	1	3946	1578,53422	14705,66667	3
7	1	3948	1021,75567	10683,4	3
7	2	3948	1021,75567	10683,4	3
5	2	3949	2492,53	14275,66667	0
5	1	3949	2492,53	14275,66667	1
5	2	3949	2492,53	14275,66667	1
5	2	3950	7140,18658	7523,6	3
5	1	3951	1921,14513	14347,275	2
5	2	3951	1921,14513	14347,275	3
5	1	3951	1921,14513	14347,275	3
5	2	3953	2801,24762	20664,4	2
5	1	3953	2801,24762	20664,4	1
5	2	3955	11115,76589	5477,008696	0
5	1	3955	11115,76589	5477,008696	2
5	2	3955	11115,76589	5477,008696	1
5	1	3955	11115,76589	5477,008696	1
6	2	3956	1025,25969	10381,11539	0
6	2	3956	1025,25969	10381,11539	0
6	2	3956	1025,25969	10381,11539	1
6	1	3956	1025,25969	10381,11539	3
6	1	3956	1025,25969	10381,11539	1
6	2	3957	1268,63868	5935,866667	2
6	2	3957	1268,63868	5935,866667	3
6	2	3958	2307,25841	27583,52	1
6	1	3958	2307,25841	27583,52	1
6	2	3958	2307,25841	27583,52	3
6	1	3958	2307,25841	27583,52	1
6	2	3959	1534,30936	17883	3
6	2	3960	1644,31288	16515,68667	2
6	1	3960	1644,31288	16515,68667	2
6	1	3961	1478,53144	22655,73333	0
6	1	3961	1478,53144	22655,73333	1
6	2	3961	1478,53144	22655,73333	1
6	1	3963	2027,68348	7856,144444	1
6	1	3963	2027,68348	7856,144444	0
6	2	3963	2027,68348	7856,144444	1
6	1	3964	934,20236	10848,55	0
6	2	3964	934,20236	10848,55	2
6	1	3964	934,20236	10848,55	1
5	2	3967	556,2599	2159,7	0
5	1	3967	556,2599	2159,7	1
5	2	3967	556,2599	2159,7	3
5	1	3968	10463,28174	7289,155556	0
5	1	3968	10463,28174	7289,155556	1
5	2	3968	10463,28174	7289,155556	1
5	1	3969	703,84361	16755,415	3
5	1	3969	703,84361	16755,415	2
5	2	3969	703,84361	16755,415	1
5	1	3970	1371,91981	8781,094444	1
5	1	3970	1371,91981	8781,094444	0
5	2	3970	1371,91981	8781,094444	2
6	2	3972	2279,73471	30126,45833	3
6	1	3972	2279,73471	30126,45833	1
6	2	3972	2279,73471	30126,45833	0
6	1	3972	2279,73471	30126,45833	0
6	1	3972	2279,73471	30126,45833	0
6	2	3973	1207,02682	20199,184	0
6	2	3973	1207,02682	20199,184	1
6	1	3973	1207,02682	20199,184	2
6	2	3973	1207,02682	20199,184	1
6	2	3974	2885,65981	11285,62667	1
6	1	3974	2885,65981	11285,62667	1
6	2	3975	2706,80141	20620,73333	3
6	1	3975	2706,80141	20620,73333	3
6	2	3976	2151,70814	12248,82222	0
6	2	3976	2151,70814	12248,82222	1
6	1	3976	2151,70814	12248,82222	1
6	2	3977	1417,14355	11018,6	3
6	1	3978	3461,47949	24607,5	3
6	2	3979	3103,9649	13069	3
6	1	3979	3103,9649	13069	2
6	2	3979	3103,9649	13069	3
13	1	6024	6710,9007	23263,82778	0
13	1	6024	6710,9007	23263,82778	1
13	2	6024	6710,9007	23263,82778	3
13	2	6025	934,79231	8912,05	2
13	1	6025	934,79231	8912,05	3
13	2	6025	934,79231	8912,05	1
13	2	6026	1888,38081	24297,2381	0
13	1	6026	1888,38081	24297,2381	0
13	2	6026	1888,38081	24297,2381	1
13	1	6026	1888,38081	24297,2381	1
13	1	6027	1816,13829	9019,823077	0
13	2	6027	1816,13829	9019,823077	1
13	2	6028	1274,03	24900,96667	1
13	2	6028	1274,03	24900,96667	1
13	2	6029	2313,07534	11755,4	2
13	1	6029	2313,07534	11755,4	1
13	1	6030	1297,81664	9988,36	2
13	1	6030	1297,81664	9988,36	2
13	2	6030	1297,81664	9988,36	1
13	1	6030	1297,81664	9988,36	1
13	2	6031	1406,82099	13268,25	3
13	1	6031	1406,82099	13268,25	1
13	1	6031	1406,82099	13268,25	2
20	1	6032	1631,27972	16876,1	1
20	2	6032	1631,27972	16876,1	1
20	1	6032	1631,27972	16876,1	2
20	2	6033	2610,6645	9009,8	3
20	2	6034	2077,28768	12259,26667	3
20	1	6034	2077,28768	12259,26667	3
20	1	6035	3579,88113	21425,5	0
20	1	6035	3579,88113	21425,5	1
20	2	6035	3579,88113	21425,5	1
20	2	6036	1178,51104	11156,46154	0
20	2	6036	1178,51104	11156,46154	3
20	2	6037	2063,03338	15827,10714	3
20	2	6037	2063,03338	15827,10714	1
20	1	6037	2063,03338	15827,10714	1
20	2	6037	2063,03338	15827,10714	0
20	1	6037	2063,03338	15827,10714	0
16	2	6038	2155,39252	9781,466667	3
16	1	6038	2155,39252	9781,466667	3
16	2	6039	3935,75366	8865,533333	1
16	1	6039	3935,75366	8865,533333	2
16	1	6040	4482,79822	29477,345	2
16	1	6040	4482,79822	29477,345	3
16	2	6040	4482,79822	29477,345	1
16	2	6042	2776,89105	13383,4	3
16	2	6043	1830,95921	13824,00556	1
16	1	6043	1830,95921	13824,00556	2
16	2	6043	1830,95921	13824,00556	0
16	1	6044	1752,06191	17912,66667	3
16	2	6044	1752,06191	17912,66667	3
16	2	6045	4460,74325	8828,7	3
14	2	6046	2320,49448	15394,92308	0
14	2	6046	2320,49448	15394,92308	2
14	2	6047	2477,73106	15379,25333	1
14	1	6047	2477,73106	15379,25333	1
14	2	6048	1417,14355	15560,3	3
14	2	6049	1032,99974	8565,286667	2
14	1	6049	1032,99974	8565,286667	2
14	2	6050	2067,22727	12770,6	3
14	1	6050	2067,22727	12770,6	3
13	2	6051	2012,03671	15698,56667	3
13	1	6051	2012,03671	15698,56667	1
13	1	6051	2012,03671	15698,56667	0
13	2	6052	1067,76646	15636,76111	0
13	1	6052	1067,76646	15636,76111	1
13	2	6052	1067,76646	15636,76111	1
13	1	6056	3768,83504	28361,9	1
13	2	6057	1203,12531	9881,2	3
13	1	6057	1203,12531	9881,2	3
23	2	6058	724,64491	8847,792	3
23	2	6058	724,64491	8847,792	3
23	2	6058	724,64491	8847,792	2
23	1	6058	724,64491	8847,792	1
23	2	6059	929,71475	7474,153846	0
23	2	6059	929,71475	7474,153846	0
23	2	6059	929,71475	7474,153846	2
23	1	6059	929,71475	7474,153846	3
23	2	6059	929,71475	7474,153846	3
23	1	6060	2032,32546	12695,23333	2
23	1	6060	2032,32546	12695,23333	2
23	1	6061	2012,03671	15263,10556	0
23	2	6061	2012,03671	15263,10556	2
23	1	6061	2012,03671	15263,10556	1
23	2	6062	949,14922	13320,77778	0
23	2	6062	949,14922	13320,77778	1
23	1	6062	949,14922	13320,77778	3
23	2	6063	1291,56895	5610,843478	0
23	2	6063	1291,56895	5610,843478	3
23	2	6063	1291,56895	5610,843478	1
23	1	6063	1291,56895	5610,843478	2
24	2	6064	1505,05034	17436,73333	1
24	1	6064	1505,05034	17436,73333	1
24	1	6065	1289,03476	16114,8	1
24	2	6066	1989,23382	9774,24	3
24	2	6066	1989,23382	9774,24	2
24	2	6066	1989,23382	9774,24	3
24	1	6066	1989,23382	9774,24	1
24	2	6067	1746,47991	9366,8	3
24	1	6067	1746,47991	9366,8	3
24	1	6069	3877,72226	14202,45	1
24	2	6069	3877,72226	14202,45	3
24	1	6069	3877,72226	14202,45	1
24	1	6070	2993,01191	9258	3
16	1	6071	1456,18326	26040,28667	1
16	2	6071	1456,18326	26040,28667	2
16	2	6072	1804,33918	7906,769231	0
16	2	6072	1804,33918	7906,769231	1
16	1	6073	11193,142	9242,066667	0
16	1	6073	11193,142	9242,066667	1
16	2	6073	11193,142	9242,066667	2
16	2	6073	11193,142	9242,066667	0
16	2	6074	3043,5013	13197,6	1
16	2	6076	1637,20387	10937,90952	0
16	2	6076	1637,20387	10937,90952	0
16	1	6076	1637,20387	10937,90952	1
16	2	6076	1637,20387	10937,90952	2
16	1	6077	8625,72066	9734,476191	0
16	1	6077	8625,72066	9734,476191	0
16	2	6077	8625,72066	9734,476191	3
16	1	6077	8625,72066	9734,476191	1
14	2	6079	2740,73448	9763,16	1
14	1	6079	2740,73448	9763,16	1
14	2	6081	1417,14355	5321,52	3
14	1	6084	2248,19817	13630,76	1
14	2	6084	2248,19817	13630,76	2
14	1	6084	2248,19817	13630,76	0
14	1	6084	2248,19817	13630,76	3
14	1	6085	3013,46692	6732,366667	2
14	1	6085	3013,46692	6732,366667	2
14	2	6085	3013,46692	6732,366667	1
14	2	6085	3013,46692	6732,366667	3
14	1	6085	3013,46692	6732,366667	2
14	2	6086	2896,74748	10952,61111	0
14	2	6086	2896,74748	10952,61111	3
14	1	6086	2896,74748	10952,61111	1
14	1	6087	5426,9721	0	2
14	2	6088	1176,22977	562,5	2
14	2	6088	1176,22977	562,5	0
14	2	6088	1176,22977	562,5	0
14	2	6089	2412,3755	10135,09	1
14	1	6090	4161,04895	14061	1
14	2	6090	4161,04895	14061	3
14	1	6092	3954,55979	21772	3
14	1	6093	2119,55422	13181,2	3
14	2	6094	2596,47087	15453,4	3
14	2	6094	2596,47087	15453,4	1
14	2	6096	1993,31626	10983,31905	0
14	2	6096	1993,31626	10983,31905	0
14	2	6096	1993,31626	10983,31905	1
14	1	6096	1993,31626	10983,31905	1
14	1	6097	2643,6942	23886,37143	0
14	2	6097	2643,6942	23886,37143	1
14	1	6097	2643,6942	23886,37143	1
14	2	6097	2643,6942	23886,37143	0
15	2	6098	2578,44359	19809,84667	2
15	1	6098	2578,44359	19809,84667	3
15	2	6099	1058,24798	10006,625	0
15	1	6099	1058,24798	10006,625	0
15	1	6099	1058,24798	10006,625	0
15	1	6099	1058,24798	10006,625	0
15	2	6099	1058,24798	10006,625	0
15	2	6099	1058,24798	10006,625	1
15	1	6099	1058,24798	10006,625	1
15	1	6100	2947,07367	15632	3
15	2	6101	1451,47026	14245,69565	0
15	1	6101	1451,47026	14245,69565	3
15	1	6101	1451,47026	14245,69565	1
15	2	6101	1451,47026	14245,69565	2
15	1	6103	3916,27845	20421,84	2
15	2	6103	3916,27845	20421,84	3
15	1	6104	3159,97355	22896,764	1
15	1	6104	3159,97355	22896,764	1
15	1	6104	3159,97355	22896,764	1
15	2	6104	3159,97355	22896,764	3
15	2	6105	2798,02274	9686,6	1
15	1	6107	3222,59942	12693,13333	2
15	2	6107	3222,59942	12693,13333	3
15	2	6108	1108,73978	13707	3
15	1	6109	4571,94436	29232,2	1
15	2	6109	4571,94436	29232,2	1
15	2	6110	2757,57433	7635,666667	0
15	1	6110	2757,57433	7635,666667	0
15	2	6110	2757,57433	7635,666667	2
15	1	6110	2757,57433	7635,666667	1
15	1	6111	1488,83073	13593,132	1
15	1	6111	1488,83073	13593,132	3
15	1	6111	1488,83073	13593,132	2
15	2	6111	1488,83073	13593,132	1
15	1	6112	8182,33404	8033,6	1
15	2	6112	8182,33404	8033,6	1
15	2	6113	2720,12506	5077,4	2
15	1	6114	5776,28116	2839,64	0
15	2	6114	5776,28116	2839,64	1
15	1	6114	5776,28116	2839,64	2
15	1	6115	3678,01279	20162,5	1
15	2	6116	1676,17167	16414,09524	1
15	1	6116	1676,17167	16414,09524	1
15	2	6116	1676,17167	16414,09524	0
15	2	6116	1676,17167	16414,09524	0
15	2	6117	1282,53637	23106,65	1
15	1	6117	1282,53637	23106,65	1
15	1	6117	1282,53637	23106,65	1
15	2	6118	1825,70145	28604,22222	1
15	1	6118	1825,70145	28604,22222	1
15	2	6118	1825,70145	28604,22222	0
15	1	6119	2296,97638	20840,55	3
15	2	6119	2296,97638	20840,55	1
15	1	6119	2296,97638	20840,55	1
15	2	6120	2150,33262	14766,13333	1
15	1	6120	2150,33262	14766,13333	1
15	1	6121	2357,97471	3534,445	1
15	2	6121	2357,97471	3534,445	2
15	1	6121	2357,97471	3534,445	2
15	2	6123	1846,35275	24400,78	1
15	1	6123	1846,35275	24400,78	2
15	1	6125	1816,77902	26984,33333	0
15	1	6125	1816,77902	26984,33333	0
15	2	6125	1816,77902	26984,33333	1
15	1	6125	1816,77902	26984,33333	1
15	1	6126	1622,28855	3560,876	2
15	2	6126	1622,28855	3560,876	2
15	2	6126	1622,28855	3560,876	1
15	1	6126	1622,28855	3560,876	2
15	2	6128	1258,35195	9368,2	1
15	2	6129	1305,59946	7160,2	3
15	1	6129	1305,59946	7160,2	3
15	2	6130	1724,59416	6609,4	3
15	2	6131	1338,15741	20171,7	3
15	1	6131	1338,15741	20171,7	1
15	2	6132	2075,87598	15824,69048	0
15	2	6132	2075,87598	15824,69048	0
15	2	6132	2075,87598	15824,69048	1
15	1	6132	2075,87598	15824,69048	1
15	1	6133	1957,41744	15106,27222	0
15	2	6133	1957,41744	15106,27222	1
15	1	6133	1957,41744	15106,27222	2
15	1	6134	538,07369	16107,35	3
15	1	6134	538,07369	16107,35	1
15	2	6134	538,07369	16107,35	1
15	2	6135	1487,20322	13455,5	3
15	2	6135	1487,20322	13455,5	3
15	1	6135	1487,20322	13455,5	1
15	1	6136	1414,26316	20433,75	3
15	2	6136	1414,26316	20433,75	1
15	2	6136	1414,26316	20433,75	1
15	1	6137	1215,72	8156,043333	1
15	1	6137	1215,72	8156,043333	3
15	2	6137	1215,72	8156,043333	3
15	2	6137	1215,72	8156,043333	3
15	1	6137	1215,72	8156,043333	1
15	1	6138	2281,80745	13820,695	2
15	2	6138	2281,80745	13820,695	2
15	1	6138	2281,80745	13820,695	3
15	2	6139	1301,43987	10159,66667	3
15	1	6139	1301,43987	10159,66667	3
15	1	6141	789,16878	5664,285714	0
15	2	6141	789,16878	5664,285714	0
15	2	6141	789,16878	5664,285714	2
15	2	6141	789,16878	5664,285714	3
15	1	6142	1753,62978	12957,2	3
15	2	6142	1753,62978	12957,2	3
27	2	6583	2144,8627	16804,28	1
27	1	6583	2144,8627	16804,28	1
27	2	6584	2299,21492	5433,613044	0
27	1	6584	2299,21492	5433,613044	0
27	2	6584	2299,21492	5433,613044	2
27	1	6584	2299,21492	5433,613044	1
27	1	6585	2434,54545	16773,35	1
27	2	6585	2434,54545	16773,35	3
27	1	6585	2434,54545	16773,35	3
27	2	6586	1934,39382	6760,666667	2
27	1	6586	1934,39382	6760,666667	1
27	1	6586	1934,39382	6760,666667	0
27	2	6586	1934,39382	6760,666667	0
27	2	6587	1009,87963	4413,533333	1
27	2	6587	1009,87963	4413,533333	3
27	2	6588	2252,93576	12822	2
27	1	6588	2252,93576	12822	2
27	2	6588	2252,93576	12822	3
27	1	6588	2252,93576	12822	1
27	2	6589	1870,71535	7144,892857	3
27	1	6589	1870,71535	7144,892857	0
27	2	6589	1870,71535	7144,892857	3
27	1	6589	1870,71535	7144,892857	1
27	2	6589	1870,71535	7144,892857	2
27	2	6590	2265,21026	10728,3	0
27	2	6590	2265,21026	10728,3	2
27	1	6590	2265,21026	10728,3	1
27	2	6591	2144,8627	20069,63333	2
27	1	6591	2144,8627	20069,63333	1
32	2	6593	950,60178	9557,196	2
32	2	6593	950,60178	9557,196	3
32	2	6593	950,60178	9557,196	1
32	1	6593	950,60178	9557,196	1
32	1	6595	3717,27553	12155,2	1
32	1	6597	2256,78479	20231,26667	1
32	2	6597	2256,78479	20231,26667	1
32	2	6599	2461,73207	16391,69	1
32	2	6600	2866,30198	11820,93333	2
32	1	6600	2866,30198	11820,93333	1
32	2	6601	1846,06709	16598,53333	3
32	1	6601	1846,06709	16598,53333	3
32	1	6602	967,42654	19428,5	3
32	1	6603	3446,93623	27972,88889	0
32	2	6603	3446,93623	27972,88889	1
32	1	6603	3446,93623	27972,88889	1
32	2	6604	2461,73207	14701,6	1
32	2	6605	2114,84702	7269,866667	3
32	1	6605	2114,84702	7269,866667	3
33	2	6606	3335,07341	18629,62667	3
33	1	6606	3335,07341	18629,62667	3
33	2	6608	956,63874	9321,1	3
33	2	6609	2253,49858	11386,545	1
33	2	6609	2253,49858	11386,545	3
33	1	6609	2253,49858	11386,545	3
33	1	6610	2736,07341	8551,796	0
33	1	6610	2736,07341	8551,796	3
33	1	6610	2736,07341	8551,796	3
33	2	6610	2736,07341	8551,796	3
33	1	6611	3162,81641	19493,30769	0
33	2	6611	3162,81641	19493,30769	1
33	2	6612	3509,03247	6497,38	3
33	2	6613	2128,26933	18039,76667	3
33	1	6613	2128,26933	18039,76667	3
33	1	6614	2576,18503	1576,269565	0
33	1	6614	2576,18503	1576,269565	0
33	2	6614	2576,18503	1576,269565	2
33	1	6614	2576,18503	1576,269565	1
33	2	6615	2834,4285	3891,692308	0
33	2	6615	2834,4285	3891,692308	3
33	2	6616	4901,54965	193,3	1
33	2	6617	2318,59926	24713,21739	0
33	1	6617	2318,59926	24713,21739	1
33	1	6617	2318,59926	24713,21739	1
33	2	6617	2318,59926	24713,21739	1
33	2	6618	933,84562	23534,24	2
33	2	6619	2262,62885	13114,38095	0
33	2	6619	2262,62885	13114,38095	0
33	2	6619	2262,62885	13114,38095	1
33	1	6619	2262,62885	13114,38095	1
30	1	6621	6326,22162	8446,9	3
30	2	6622	925,35371	8068,6	1
30	1	6623	2528,37235	6758,333333	0
30	1	6623	2528,37235	6758,333333	1
30	2	6623	2528,37235	6758,333333	3
29	2	6627	2598,82738	16703,46667	3
29	1	6627	2598,82738	16703,46667	3
29	1	6628	2401,80489	4428,1	2
29	2	6630	2262,96793	21428,27778	3
29	1	6630	2262,96793	21428,27778	1
29	1	6630	2262,96793	21428,27778	0
29	1	6631	1895,24982	31482,064	1
29	2	6631	1895,24982	31482,064	1
29	2	6631	1895,24982	31482,064	3
29	2	6631	1895,24982	31482,064	3
29	2	6632	1339,05127	14841,10714	2
29	1	6632	1339,05127	14841,10714	0
29	1	6632	1339,05127	14841,10714	3
29	2	6632	1339,05127	14841,10714	3
29	1	6632	1339,05127	14841,10714	1
29	2	6633	1834,44664	16908,45	3
29	1	6633	1834,44664	16908,45	3
29	2	6633	1834,44664	16908,45	1
29	1	6634	1770,87868	36226,73333	3
29	2	6634	1770,87868	36226,73333	3
30	1	6637	1252,71731	21087,3	1
30	2	6638	2247,46866	26136,6	3
30	1	6638	2247,46866	26136,6	3
30	2	6639	898,42619	24088,3	3
30	2	6640	1197,51513	30200,95	3
30	2	6640	1197,51513	30200,95	1
30	1	6640	1197,51513	30200,95	1
30	1	6641	6679,17123	54,06666667	3
30	2	6641	6679,17123	54,06666667	3
3	1	7442	2094,59127	7330,4	2
3	2	7442	2094,59127	7330,4	3
3	2	7443	2364,69773	10021,2	3
3	1	7444	1610,81447	4488,234783	2
3	2	7444	1610,81447	4488,234783	0
3	1	7444	1610,81447	4488,234783	0
3	2	7444	1610,81447	4488,234783	1
3	1	7445	2018,97794	13214,31333	1
3	2	7445	2018,97794	13214,31333	1
3	1	7446	1744,75467	4413,65	2
3	2	7446	1744,75467	4413,65	1
3	1	7446	1744,75467	4413,65	1
3	1	7447	4667,38742	1368,428571	3
3	1	7447	4667,38742	1368,428571	3
3	2	7447	4667,38742	1368,428571	3
3	1	7447	4667,38742	1368,428571	2
3	1	7447	4667,38742	1368,428571	1
3	2	7447	4667,38742	1368,428571	2
3	1	7448	1077,75384	11271,45217	0
3	1	7448	1077,75384	11271,45217	2
3	1	7448	1077,75384	11271,45217	3
3	2	7448	1077,75384	11271,45217	2
3	2	7449	1959,3672	13116,13333	3
3	1	7449	1959,3672	13116,13333	3
5	2	7451	983,11331	26798,7	1
5	2	7452	1705,46281	27860,8	1
5	1	7452	1705,46281	27860,8	1
5	2	7452	1705,46281	27860,8	1
6	2	7453	2684,59396	14377,2	3
6	1	7453	2684,59396	14377,2	1
5	2	7454	1704,35531	23960,04762	0
5	2	7454	1704,35531	23960,04762	0
5	2	7454	1704,35531	23960,04762	1
5	1	7454	1704,35531	23960,04762	1
5	2	7455	2894,84229	1290,45	3
5	2	7455	2894,84229	1290,45	2
5	1	7455	2894,84229	1290,45	1
5	1	7457	1564,49762	26983,8	1
5	2	7461	1285,62752	30142,8	1
5	1	7461	1285,62752	30142,8	1
5	2	7461	1285,62752	30142,8	1
5	1	7463	1371,49194	49671,20769	0
5	1	7463	1371,49194	49671,20769	0
5	1	7463	1371,49194	49671,20769	3
5	2	7463	1371,49194	49671,20769	1
5	1	7463	1371,49194	49671,20769	1
5	1	7464	2512,18846	17257,73333	3
5	2	7464	2512,18846	17257,73333	3
5	2	7466	993,84303	48525,9	1
5	2	7467	1352,57836	31113,75	1
5	2	7467	1352,57836	31113,75	0
5	1	7467	1352,57836	31113,75	1
5	1	7467	1352,57836	31113,75	0
5	2	7467	1352,57836	31113,75	0
3	1	7468	1138,67679	6338,453571	1
3	2	7468	1138,67679	6338,453571	1
3	2	7468	1138,67679	6338,453571	3
3	2	7468	1138,67679	6338,453571	0
3	2	7468	1138,67679	6338,453571	3
3	1	7469	1215,16917	28242	1
3	2	7469	1215,16917	28242	1
3	1	7470	2471,25808	17783,1	3
3	2	7471	2279,18933	24688,92667	1
3	1	7471	2279,18933	24688,92667	1
3	1	7473	4442,48027	12902,4	1
6	2	7475	2048,83064	1992,495652	0
6	1	7475	2048,83064	1992,495652	3
6	2	7475	2048,83064	1992,495652	1
6	2	7475	2048,83064	1992,495652	1
6	2	7476	1518,46471	12900,49	3
6	2	7478	3248,12461	14882,1	3
6	2	7479	3087,09996	14470,46667	3
6	1	7479	3087,09996	14470,46667	3
6	2	7481	1904,05643	4478,133333	2
6	2	7481	1904,05643	4478,133333	2
25	1	9757	1701,71426	7991,404762	0
25	1	9757	1701,71426	7991,404762	0
25	2	9757	1701,71426	7991,404762	1
25	1	9757	1701,71426	7991,404762	1
25	1	9758	1166,64721	7780,933333	3
25	2	9758	1166,64721	7780,933333	3
25	1	9759	1114,95321	18668,24	3
25	1	9759	1114,95321	18668,24	3
25	2	9759	1114,95321	18668,24	1
25	1	9759	1114,95321	18668,24	1
25	2	9760	1215,16917	23513,77333	2
25	1	9760	1215,16917	23513,77333	1
25	2	9761	2247,46866	18041,6	3
25	1	9761	2247,46866	18041,6	3
25	2	9762	1880,38819	3410,066667	3
25	1	9762	1880,38819	3410,066667	2
25	2	9763	2202,32907	14577,2	1
25	1	9764	1047,08772	6084,12	3
25	1	9764	1047,08772	6084,12	2
25	2	9764	1047,08772	6084,12	3
25	1	9764	1047,08772	6084,12	1
16	2	9765	458,31148	8264,6	3
16	2	9766	1310,2438	10386,5	3
16	2	9767	1420,84575	7071,133333	3
16	1	9767	1420,84575	7071,133333	3
16	2	9768	785,90886	18823,33	3
16	2	9769	3009,071	3873,604348	0
16	2	9769	3009,071	3873,604348	0
16	2	9769	3009,071	3873,604348	3
16	2	9769	3009,071	3873,604348	1
16	2	9772	1221,53007	20271,61905	0
16	2	9772	1221,53007	20271,61905	0
16	2	9772	1221,53007	20271,61905	1
16	1	9772	1221,53007	20271,61905	1
20	1	9773	1718,24427	15981,2	2
20	1	9773	1718,24427	15981,2	1
20	2	9773	1718,24427	15981,2	0
20	1	9774	4567,96985	38825,3	1
20	1	9775	3710,5308	12129,65	0
20	1	9775	3710,5308	12129,65	1
20	2	9775	3710,5308	12129,65	1
20	2	9776	3233,6915	15905,65	3
20	2	9776	3233,6915	15905,65	1
20	1	9776	3233,6915	15905,65	3
20	2	9778	1904,05643	31971,06667	2
20	2	9778	1904,05643	31971,06667	1
20	1	9779	2235,23953	27656,715	1
20	1	9779	2235,23953	27656,715	1
20	2	9779	2235,23953	27656,715	3
20	1	9780	1463,94435	12459,5	0
20	2	9780	1463,94435	12459,5	3
20	1	9780	1463,94435	12459,5	1
11	2	9781	1434,21689	13741,53333	3
11	1	9781	1434,21689	13741,53333	3
11	1	9782	1891,99675	7303	3
11	2	9782	1891,99675	7303	3
11	2	9783	2065,90266	198,5714286	0
11	2	9783	2065,90266	198,5714286	2
11	1	9783	2065,90266	198,5714286	0
11	1	9783	2065,90266	198,5714286	2
11	2	9784	2247,46866	5562,533333	3
11	1	9784	2247,46866	5562,533333	3
11	1	9785	1643,69676	14772,21739	1
11	2	9785	1643,69676	14772,21739	0
11	2	9785	1643,69676	14772,21739	1
11	1	9785	1643,69676	14772,21739	0
11	2	9787	2364,69773	8881,1	3
11	2	9788	3471,90595	10263,63333	3
11	2	9788	3471,90595	10263,63333	1
16	2	9789	643,01023	10323,34783	0
16	2	9789	643,01023	10323,34783	0
16	2	9789	643,01023	10323,34783	1
16	1	9789	643,01023	10323,34783	1
16	2	9790	1178,16191	13535,93333	1
16	1	9790	1178,16191	13535,93333	1
16	1	9791	1810,9704	27326,32667	0
16	2	9791	1810,9704	27326,32667	1
16	2	9792	1145,17024	9595,809524	1
16	1	9792	1145,17024	9595,809524	1
16	2	9792	1145,17024	9595,809524	0
16	1	9792	1145,17024	9595,809524	0
16	1	9793	1087,9028	96959,96	3
16	2	9793	1087,9028	96959,96	1
16	2	9793	1087,9028	96959,96	3
16	1	9793	1087,9028	96959,96	2
16	1	9794	1085,78362	8963,2	3
16	1	9796	2981,41577	13786,21	1
11	1	9797	1338,68911	8562,38	0
11	1	9797	1338,68911	8562,38	1
11	2	9797	1338,68911	8562,38	1
11	2	9798	1262,65916	17512,86	2
11	1	9798	1262,65916	17512,86	1
11	2	9799	1614,12882	13838,46667	1
11	1	9799	1614,12882	13838,46667	1
11	2	9800	1681,12561	8765,8	3
11	1	9801	792,75047	4145,809524	0
11	2	9801	792,75047	4145,809524	0
11	1	9801	792,75047	4145,809524	3
11	2	9801	792,75047	4145,809524	3
11	2	9802	1597,78439	8051	3
11	1	9802	1597,78439	8051	3
11	2	9803	1681,12561	10454,6	3
11	1	9804	1042,05387	7644,476191	0
11	2	9804	1042,05387	7644,476191	0
11	2	9804	1042,05387	7644,476191	2
11	1	9804	1042,05387	7644,476191	2
11	1	9805	1188,51355	28831,33333	3
11	2	9805	1188,51355	28831,33333	1
24	2	9806	2364,69773	24702,3	3
24	2	9807	1105,47176	17840,1	3
24	1	9809	1820,01947	13689,7	2
24	1	9809	1820,01947	13689,7	3
24	2	9809	1820,01947	13689,7	1
24	1	9810	1405,50107	17193,16111	0
24	2	9810	1405,50107	17193,16111	1
24	1	9810	1405,50107	17193,16111	2
24	2	9811	2364,69773	36993	3
24	2	9812	2364,69773	12794,7	3
24	1	9813	1797,11417	15381,25	1
24	1	9813	1797,11417	15381,25	1
24	2	9813	1797,11417	15381,25	3
11	2	9814	2364,69773	8913,5	3
11	2	9815	2157,34216	10236,27778	3
11	1	9815	2157,34216	10236,27778	1
11	2	9815	2157,34216	10236,27778	0
11	1	9816	1150,80767	15536,325	1
11	2	9816	1150,80767	15536,325	1
11	2	9816	1150,80767	15536,325	3
11	2	9817	1323,47823	11785,985	2
11	1	9817	1323,47823	11785,985	2
11	1	9817	1323,47823	11785,985	2
11	2	9818	2453,81202	9587,893333	3
11	2	9818	2453,81202	9587,893333	1
11	2	9819	1750,20722	11709,67222	0
11	1	9819	1750,20722	11709,67222	1
11	2	9819	1750,20722	11709,67222	1
11	2	9821	3180,44406	16533,46667	3
11	1	9821	3180,44406	16533,46667	3
21	2	9822	2875,09272	12689,88667	2
21	1	9822	2875,09272	12689,88667	1
21	2	9823	3468,3652	8789,15	3
21	2	9823	3468,3652	8789,15	2
21	1	9823	3468,3652	8789,15	2
21	1	9825	2212,59829	9549,376191	0
21	2	9825	2212,59829	9549,376191	0
21	2	9825	2212,59829	9549,376191	1
21	1	9825	2212,59829	9549,376191	1
21	1	9826	2930,84927	17906,5	1
21	2	9826	2930,84927	17906,5	3
21	1	9826	2930,84927	17906,5	1
21	2	9827	2650,66421	5159,2	3
21	1	9827	2650,66421	5159,2	2
21	2	9828	1005,27036	6284,044444	3
21	2	9828	1005,27036	6284,044444	3
21	1	9828	1005,27036	6284,044444	2
21	1	9828	1005,27036	6284,044444	3
21	1	9828	1005,27036	6284,044444	2
21	2	9828	1005,27036	6284,044444	1
21	2	9828	1005,27036	6284,044444	2
21	2	9828	1005,27036	6284,044444	2
21	2	9829	2111,05504	14146,98667	1
21	1	9829	2111,05504	14146,98667	3
21	1	9829	2111,05504	14146,98667	2
21	1	9829	2111,05504	14146,98667	1
21	2	9829	2111,05504	14146,98667	3
18	1	9830	1756,88216	61617,52	3
18	1	9831	1192,97728	27548,03889	0
18	2	9831	1192,97728	27548,03889	1
18	1	9831	1192,97728	27548,03889	1
18	2	9832	2348,26002	23561,3	1
18	2	9833	858,82491	14815,92667	1
18	1	9833	858,82491	14815,92667	1
18	1	9834	852,6563	9002,833333	0
18	1	9834	852,6563	9002,833333	0
18	1	9834	852,6563	9002,833333	0
18	2	9834	852,6563	9002,833333	2
18	1	9834	852,6563	9002,833333	3
18	2	9835	1435,34435	30203,46667	1
18	1	9835	1435,34435	30203,46667	1
18	2	9836	1620,33545	36306,88	3
18	1	9836	1620,33545	36306,88	1
25	2	9841	2908,79217	8001,866667	3
25	1	9841	2908,79217	8001,866667	3
25	2	9842	1430,75971	6014	3
25	2	9844	3060,5162	16423,8	3
25	1	9845	1358,22178	16937,28571	1
25	2	9845	1358,22178	16937,28571	0
25	1	9845	1358,22178	16937,28571	0
25	2	9845	1358,22178	16937,28571	2
14	2	9846	2009,42065	9151,6	3
14	1	9846	2009,42065	9151,6	1
14	1	9847	1976,4212	14761,1	2
14	2	9847	1976,4212	14761,1	1
14	1	9847	1976,4212	14761,1	2
14	2	9850	3559,77121	14941,7	1
14	1	9851	1502,8408	200,3	2
14	2	9852	1535,84195	1525	0
14	2	9852	1535,84195	1525	2
14	1	9852	1535,84195	1525	2
14	2	9852	1535,84195	1525	0
14	1	9852	1535,84195	1525	0
14	2	9853	2201,74326	15889,04	0
14	2	9853	2201,74326	15889,04	3
14	1	9853	2201,74326	15889,04	3
14	2	9853	2201,74326	15889,04	1
14	1	9854	2713,66432	15568,78	3
14	2	9854	2713,66432	15568,78	3
14	1	9854	2713,66432	15568,78	1
14	2	9854	2713,66432	15568,78	2
14	1	9855	2468,49764	24322,775	1
14	2	9855	2468,49764	24322,775	2
14	1	9855	2468,49764	24322,775	1
14	1	9857	3116,71658	8649,466667	1
14	1	9857	3116,71658	8649,466667	2
14	2	9861	1518,46471	8995,3	3
11	2	9864	1019,62239	34045,8	3
11	1	9864	1019,62239	34045,8	3
11	1	9865	926,22094	515,08	3
11	1	9865	926,22094	515,08	2
11	2	9865	926,22094	515,08	2
11	1	9865	926,22094	515,08	1
11	2	9866	873,81176	9838,353333	3
11	1	9866	873,81176	9838,353333	1
11	2	9867	1616,84079	15059,15556	0
11	2	9867	1616,84079	15059,15556	1
11	1	9867	1616,84079	15059,15556	2
11	2	9868	641,81654	11033,45667	3
11	2	9868	641,81654	11033,45667	1
11	1	9868	641,81654	11033,45667	1
11	2	9868	641,81654	11033,45667	0
11	2	9868	641,81654	11033,45667	0
11	1	9869	1004,78321	27412,92	1
11	1	9869	1004,78321	27412,92	1
11	2	9869	1004,78321	27412,92	1
11	2	9870	1546,96823	6530,22381	0
11	1	9870	1546,96823	6530,22381	0
11	2	9870	1546,96823	6530,22381	2
11	1	9870	1546,96823	6530,22381	2
12	2	9871	2265,21026	17513,93889	0
12	2	9871	2265,21026	17513,93889	3
12	1	9871	2265,21026	17513,93889	1
12	1	9872	889,01911	27891,25	3
12	1	9872	889,01911	27891,25	1
12	2	9872	889,01911	27891,25	1
12	1	9873	2220,20677	26642,76667	1
12	2	9873	2220,20677	26642,76667	1
12	2	9875	1963,86488	18192,05	3
12	2	9875	1963,86488	18192,05	1
12	1	9875	1963,86488	18192,05	1
12	2	9876	2473,32929	16949,66667	3
12	1	9876	2473,32929	16949,66667	1
12	1	9877	2144,8627	20119,39333	2
12	2	9877	2144,8627	20119,39333	1
12	2	9878	2081,25228	488,2	3
12	1	9878	2081,25228	488,2	3
12	2	9878	2081,25228	488,2	1
16	1	9880	1396,64127	11026,77778	0
16	1	9880	1396,64127	11026,77778	2
16	2	9880	1396,64127	11026,77778	1
16	1	9881	3609,83207	22139,38	1
16	1	9881	3609,83207	22139,38	1
16	2	9883	1223,91557	22978,85	2
16	2	9883	1223,91557	22978,85	1
16	1	9883	1223,91557	22978,85	1
16	2	9884	2364,69773	9322,5	3
16	2	9885	1142,30987	10055,38889	0
16	1	9885	1142,30987	10055,38889	3
16	2	9885	1142,30987	10055,38889	1
16	2	9886	2202,32907	10749,5	1
21	1	9887	2337,4573	15222,11429	0
21	1	9887	2337,4573	15222,11429	0
21	2	9887	2337,4573	15222,11429	1
21	1	9887	2337,4573	15222,11429	2
21	2	9888	3248,12461	12337,9	3
21	1	9889	2624,9233	2942,226087	0
21	1	9889	2624,9233	2942,226087	2
21	2	9889	2624,9233	2942,226087	2
21	2	9889	2624,9233	2942,226087	2
21	1	9890	3022,57232	16957,9	2
21	2	9890	3022,57232	16957,9	1
21	1	9890	3022,57232	16957,9	3
21	2	9891	1518,46471	12771,7	3
21	1	9892	2293,89028	7083,55	1
21	2	9892	2293,89028	7083,55	3
21	1	9892	2293,89028	7083,55	2
21	1	9893	1976,73754	15152,9	1
21	2	9893	1976,73754	15152,9	1
21	1	9893	1976,73754	15152,9	3
21	1	9894	2097,85661	12932,2	3
25	2	9895	1009,20882	11305,3	3
25	2	9895	1009,20882	11305,3	2
25	1	9895	1009,20882	11305,3	1
25	1	9896	695,86829	16326	1
25	2	9896	695,86829	16326	3
25	1	9896	695,86829	16326	1
25	1	9897	1085,78362	12348,7	3
25	2	9898	703,72794	12442,556	3
25	2	9898	703,72794	12442,556	2
25	2	9898	703,72794	12442,556	1
25	1	9898	703,72794	12442,556	1
25	2	9899	1345,07009	10923,13333	3
25	1	9899	1345,07009	10923,13333	3
25	2	9900	458,31148	910,7	3
25	1	9901	1300,78902	17426,66087	1
25	2	9901	1300,78902	17426,66087	0
25	1	9901	1300,78902	17426,66087	3
25	2	9901	1300,78902	17426,66087	1
25	1	9902	1524,007	8472,75	1
25	1	9902	1524,007	8472,75	1
25	2	9902	1524,007	8472,75	3
14	1	9903	1596,00027	2635,129032	0
14	1	9903	1596,00027	2635,129032	0
14	1	9903	1596,00027	2635,129032	3
14	2	9903	1596,00027	2635,129032	2
14	2	9903	1596,00027	2635,129032	2
14	1	9903	1596,00027	2635,129032	2
14	2	9905	2908,79217	7969,666667	3
14	1	9905	2908,79217	7969,666667	3
14	2	9906	2433,69732	20034,88667	3
14	1	9906	2433,69732	20034,88667	3
14	2	9908	1584,05592	5449,95	3
14	2	9908	1584,05592	5449,95	3
14	1	9908	1584,05592	5449,95	1
14	2	9909	15486,49354	8349,755556	0
14	2	9909	15486,49354	8349,755556	2
14	1	9909	15486,49354	8349,755556	1
14	1	9910	1757,77157	3424,15	3
14	2	9910	1757,77157	3424,15	2
14	2	9910	1757,77157	3424,15	2
15	2	9911	2225,88877	14253,9	3
15	2	9912	1780,93558	16788,46667	3
15	1	9912	1780,93558	16788,46667	3
15	2	9913	1552,09908	54277,73333	2
15	1	9913	1552,09908	54277,73333	3
15	2	9914	836,92598	36997,7	1
15	2	9915	1213,55534	10097,36	3
15	1	9915	1213,55534	10097,36	3
15	2	9916	1213,55534	11279,6	3
15	1	9916	1213,55534	11279,6	3
15	1	9917	949,20041	16653,55714	0
15	1	9917	949,20041	16653,55714	3
15	1	9917	949,20041	16653,55714	3
15	2	9917	949,20041	16653,55714	2
15	1	9917	949,20041	16653,55714	1
15	2	9919	1508,08743	13490,795	1
15	2	9919	1508,08743	13490,795	3
15	1	9919	1508,08743	13490,795	1
15	2	9920	1521,71914	18314,16	3
15	1	9920	1521,71914	18314,16	1
15	1	9920	1521,71914	18314,16	3
15	2	9920	1521,71914	18314,16	1
15	2	9921	1008,51576	11602,2381	1
15	1	9921	1008,51576	11602,2381	0
15	1	9921	1008,51576	11602,2381	0
15	2	9921	1008,51576	11602,2381	0
15	2	9922	1033,69344	16792,86667	3
15	2	9922	1033,69344	16792,86667	3
15	2	9924	1452,26085	24826,3	1
15	2	9924	1452,26085	24826,3	0
15	1	9924	1452,26085	24826,3	1
15	1	9927	1634,72088	8260,6	2
15	1	9927	1634,72088	8260,6	3
15	1	9928	2140,77266	11157,23333	1
15	2	9928	2140,77266	11157,23333	2
15	2	9928	2140,77266	11157,23333	0
15	2	9929	458,03687	38795,52	3
15	1	9931	4457,87829	10631,74	1
15	2	9931	4457,87829	10631,74	1
15	2	9932	3366,03796	10833,23044	1
15	2	9932	3366,03796	10833,23044	0
15	2	9932	3366,03796	10833,23044	2
15	1	9932	3366,03796	10833,23044	2
15	1	9934	1342,35691	10383,9	2
15	1	9934	1342,35691	10383,9	2
15	2	9934	1342,35691	10383,9	3
15	2	9935	1706,62764	22161,524	3
15	1	9935	1706,62764	22161,524	1
15	2	9935	1706,62764	22161,524	1
15	2	9935	1706,62764	22161,524	1
15	1	9936	6670,40723	0	2
15	2	9937	1040,58001	5010,8	3
15	1	9938	4335,2603	17837,69	3
15	1	9939	1406,86904	8128,1	0
15	2	9939	1406,86904	8128,1	0
15	2	9939	1406,86904	8128,1	1
15	1	9939	1406,86904	8128,1	1
15	2	9941	1207,97363	11033,75	2
15	2	9941	1207,97363	11033,75	1
15	1	9941	1207,97363	11033,75	1
15	1	9942	1437,62818	9947,8	3
15	2	9943	2145,39975	20991,72	3
15	1	9943	2145,39975	20991,72	3
15	1	9944	1179,18217	36784	1
15	1	9946	1333,74315	13811,95652	0
15	2	9946	1333,74315	13811,95652	3
15	2	9946	1333,74315	13811,95652	1
15	1	9946	1333,74315	13811,95652	1
15	2	9947	1900,46291	16133,35333	2
15	1	9947	1900,46291	16133,35333	1
15	1	9948	1384,41396	27781,45	3
15	2	9948	1384,41396	27781,45	1
15	1	9948	1384,41396	27781,45	1
15	1	9949	9579,96569	9308,366667	2
15	2	9949	9579,96569	9308,366667	2
15	1	9951	2360,01586	24555,46667	3
15	1	9951	2360,01586	24555,46667	3
15	1	9953	1904,76076	6280,4	1
15	2	9955	1636,69104	19758,1	1
15	2	9955	1636,69104	19758,1	3
15	1	9955	1636,69104	19758,1	3
15	1	9956	1780,93558	7592,866667	3
15	2	9956	1780,93558	7592,866667	3
15	2	9957	1429,50506	30917,33333	1
15	1	9957	1429,50506	30917,33333	1
15	2	9960	2225,88877	11883	3
15	1	9961	1437,62818	8752	3
15	1	9962	9166,24086	10904,58333	0
15	2	9962	9166,24086	10904,58333	2
15	1	9962	9166,24086	10904,58333	1
15	1	9963	1378,07274	9561,6	3
15	2	9965	9081,20974	8035,483333	0
15	1	9965	9081,20974	8035,483333	1
15	2	9965	9081,20974	8035,483333	2
32	1	10540	1404,13575	10550,35	2
32	1	10540	1404,13575	10550,35	3
32	2	10540	1404,13575	10550,35	1
32	2	10541	1383,99054	9950,1	3
32	2	10543	1825,38545	8797,11	3
32	1	10543	1825,38545	8797,11	2
32	1	10543	1825,38545	8797,11	2
32	2	10544	1383,99054	8931,3	3
32	1	10545	739,88609	13986,67391	0
32	2	10545	739,88609	13986,67391	1
32	2	10545	739,88609	13986,67391	0
32	1	10545	739,88609	13986,67391	1
32	2	10546	842,80363	12996,69	2
32	2	10546	842,80363	12996,69	1
32	1	10546	842,80363	12996,69	2
32	2	10548	1289,44976	12113,65	2
32	2	10548	1289,44976	12113,65	3
32	1	10548	1289,44976	12113,65	3
32	2	10549	584,32772	16998,77826	0
32	1	10549	584,32772	16998,77826	1
32	2	10549	584,32772	16998,77826	1
32	2	10549	584,32772	16998,77826	3
32	2	10551	1230,59459	8933,388889	0
32	2	10551	1230,59459	8933,388889	3
32	1	10551	1230,59459	8933,388889	2
32	2	10552	1303,16719	7743,3	0
32	2	10552	1303,16719	7743,3	2
32	2	10552	1303,16719	7743,3	3
32	2	10553	2437,23521	11713,2	3
32	1	10553	2437,23521	11713,2	3
32	2	10555	1426,58084	14446,26667	3
32	1	10555	1426,58084	14446,26667	3
32	1	10557	1643,27086	20130,13667	1
32	2	10557	1643,27086	20130,13667	1
32	1	10557	1643,27086	20130,13667	1
32	1	10557	1643,27086	20130,13667	1
32	2	10557	1643,27086	20130,13667	1
32	1	10560	1376,87876	12814,73333	3
32	2	10560	1376,87876	12814,73333	3
32	1	10561	1312,11932	8690	3
32	2	10561	1312,11932	8690	3
32	1	10561	1312,11932	8690	0
32	2	10561	1312,11932	8690	2
32	1	10561	1312,11932	8690	3
32	2	10566	1088,78299	5548,542308	0
32	1	10566	1088,78299	5548,542308	0
32	2	10566	1088,78299	5548,542308	0
32	2	10566	1088,78299	5548,542308	1
32	1	10566	1088,78299	5548,542308	1
32	1	10567	1622,04866	12361,6	3
32	1	10567	1622,04866	12361,6	3
32	2	10570	1376,87876	14034,53333	3
32	1	10570	1376,87876	14034,53333	3
32	1	10571	1632,41372	31225,72	1
32	1	10571	1632,41372	31225,72	1
32	2	10571	1632,41372	31225,72	3
32	2	10572	1260,62789	31981,33333	3
32	2	10572	1260,62789	31981,33333	1
32	1	10575	1537,8163	18180,5	1
32	2	10577	1381,74181	12531,4	3
32	2	10579	1448,92077	7199,866667	1
32	2	10579	1448,92077	7199,866667	3
32	1	10580	702,05978	14404,8	1
32	1	10581	1040,01625	15988,90476	1
32	1	10581	1040,01625	15988,90476	0
32	1	10581	1040,01625	15988,90476	0
32	2	10581	1040,01625	15988,90476	1
32	1	10585	1040,01625	19882,61905	0
32	1	10585	1040,01625	19882,61905	0
32	2	10585	1040,01625	19882,61905	1
32	1	10585	1040,01625	19882,61905	1
32	2	10587	736,7013	7865,565217	0
32	2	10587	736,7013	7865,565217	0
32	2	10587	736,7013	7865,565217	1
32	1	10587	736,7013	7865,565217	1
32	2	10588	1391,49649	19234,8	3
32	2	10588	1391,49649	19234,8	1
32	2	10588	1391,49649	19234,8	2
32	1	10589	855,76394	21633,2381	0
32	1	10589	855,76394	21633,2381	0
32	2	10589	855,76394	21633,2381	1
32	1	10589	855,76394	21633,2381	1
32	2	10591	792,94471	44783,32381	0
32	1	10591	792,94471	44783,32381	0
32	2	10591	792,94471	44783,32381	1
32	1	10591	792,94471	44783,32381	1
32	1	10595	2019,13833	18188	3
34	1	10600	8201,39575	5325,3	3
34	2	10601	6777,846	11904	3
34	1	10611	2211,16052	3264,56	2
34	1	10611	2211,16052	3264,56	0
34	1	10611	2211,16052	3264,56	2
34	1	10611	2211,16052	3264,56	2
34	2	10611	2211,16052	3264,56	1
30	2	10614	723,66849	11999,25	3
30	1	10614	723,66849	11999,25	3
30	2	10614	723,66849	11999,25	3
30	1	10615	747,97449	17297,88889	0
30	2	10615	747,97449	17297,88889	1
30	1	10615	747,97449	17297,88889	1
30	1	10616	1110,93501	4121,819231	0
30	2	10616	1110,93501	4121,819231	0
30	1	10616	1110,93501	4121,819231	1
30	1	10616	1110,93501	4121,819231	2
30	2	10616	1110,93501	4121,819231	2
30	1	10618	1849,12949	5218,64	1
30	2	10618	1849,12949	5218,64	3
30	1	10618	1849,12949	5218,64	2
30	2	10618	1849,12949	5218,64	1
30	2	10619	838,82203	6137,48	3
30	1	10619	838,82203	6137,48	3
30	2	10619	838,82203	6137,48	1
30	1	10619	838,82203	6137,48	2
30	1	10621	1361,89482	4674	2
30	1	10621	1361,89482	4674	0
30	1	10621	1361,89482	4674	2
30	2	10621	1361,89482	4674	2
30	2	10622	875,01132	15347,15	0
30	1	10622	875,01132	15347,15	1
30	2	10622	875,01132	15347,15	1
30	2	10623	651,44977	7680,384615	0
30	2	10623	651,44977	7680,384615	0
30	1	10623	651,44977	7680,384615	1
30	2	10623	651,44977	7680,384615	1
30	2	10623	651,44977	7680,384615	3
33	1	10626	1282,56534	5985,58	3
33	1	10626	1282,56534	5985,58	1
33	2	10626	1282,56534	5985,58	2
33	1	10626	1282,56534	5985,58	2
33	2	10629	1811,48714	8419,04	3
33	1	10629	1811,48714	8419,04	3
33	2	10631	1735,1323	8467,616667	0
33	2	10631	1735,1323	8467,616667	2
33	1	10631	1735,1323	8467,616667	1
33	1	10633	2234,80939	7518,6	3
33	1	10634	1636,49105	5726,866667	2
33	2	10634	1636,49105	5726,866667	3
33	1	10635	5097,66714	17411,2	1
33	1	10638	884,92468	7722,73913	0
33	1	10638	884,92468	7722,73913	3
33	2	10638	884,92468	7722,73913	3
33	1	10638	884,92468	7722,73913	1
33	1	10639	1763,49501	12138,36	3
33	2	10639	1763,49501	12138,36	3
33	1	10640	1253,1925	10478,12667	2
33	1	10640	1253,1925	10478,12667	3
33	2	10641	1290,56711	18150,95	3
33	2	10641	1290,56711	18150,95	1
33	1	10641	1290,56711	18150,95	1
33	2	10643	1817,88519	15752,6	3
33	2	10644	1817,88519	9356,83	3
33	1	10645	1030,66793	9674,692308	1
33	1	10645	1030,66793	9674,692308	0
33	2	10645	1030,66793	9674,692308	0
33	1	10645	1030,66793	9674,692308	3
33	2	10645	1030,66793	9674,692308	3
33	2	10648	1036,97199	10639,896	1
33	1	10648	1036,97199	10639,896	3
33	1	10648	1036,97199	10639,896	1
33	1	10648	1036,97199	10639,896	3
33	1	10649	2482,34807	5484,835	3
33	2	10649	2482,34807	5484,835	2
33	1	10649	2482,34807	5484,835	3
33	2	10650	1817,88519	17937	3
33	1	10656	1290,56711	22366,66	1
33	2	10656	1290,56711	22366,66	2
33	2	10656	1290,56711	22366,66	1
29	2	10657	934,18802	14331,57391	0
29	1	10657	934,18802	14331,57391	3
29	1	10657	934,18802	14331,57391	1
29	2	10657	934,18802	14331,57391	1
29	2	10658	2306,04931	16179,37778	0
29	1	10658	2306,04931	16179,37778	1
29	2	10658	2306,04931	16179,37778	1
29	2	10659	2449,07619	10430,61111	0
29	2	10659	2449,07619	10430,61111	1
29	1	10659	2449,07619	10430,61111	1
29	1	10661	1649,65756	17406,76	1
29	2	10661	1649,65756	17406,76	1
29	2	10661	1649,65756	17406,76	3
29	1	10661	1649,65756	17406,76	3
29	2	10662	2984,46404	17865,6	1
29	1	10662	2984,46404	17865,6	1
29	1	10663	1818,50991	7710,547619	0
29	1	10663	1818,50991	7710,547619	0
29	2	10663	1818,50991	7710,547619	1
29	1	10663	1818,50991	7710,547619	2
29	2	10668	6072,21076	13443,6	1
29	2	10671	2416,03068	13769,4	3
31	1	10672	3447,59334	11200	3
31	2	10672	3447,59334	11200	3
31	2	10673	1880,28272	14790,56667	0
31	1	10673	1880,28272	14790,56667	1
31	2	10673	1880,28272	14790,56667	1
31	1	10674	797,37209	10088,61905	0
31	1	10674	797,37209	10088,61905	0
31	2	10674	797,37209	10088,61905	1
31	1	10674	797,37209	10088,61905	1
31	1	10675	1359,92997	13386,38462	0
31	2	10675	1359,92997	13386,38462	1
31	2	10676	1234,52174	9442,721739	0
31	1	10676	1234,52174	9442,721739	0
31	2	10676	1234,52174	9442,721739	1
31	1	10676	1234,52174	9442,721739	2
31	2	10679	1383,99054	12275,3	3
31	2	10681	1289,28479	10,3	3
31	2	10684	1955,21204	17248,22	1
31	1	10684	1955,21204	17248,22	1
34	1	10686	1665,53507	759,6	2
34	1	10686	1665,53507	759,6	2
34	1	10688	2970,13701	7440,2	3
34	1	10689	1851,97572	6079,8	3
34	1	10696	7811,48412	27637,36667	1
34	2	10696	7811,48412	27637,36667	2
34	2	10699	6460,5519	17583,13333	3
34	1	10699	6460,5519	17583,13333	3
34	1	10701	1390,57746	13027,16	2
34	1	10701	1390,57746	13027,16	1
34	2	10701	1390,57746	13027,16	2
34	1	10701	1390,57746	13027,16	1
30	1	10703	527,6431	23221,96	3
30	1	10703	527,6431	23221,96	1
30	2	10703	527,6431	23221,96	3
30	1	10703	527,6431	23221,96	1
30	1	10704	881,41639	7788,396	3
30	2	10704	881,41639	7788,396	3
30	1	10704	881,41639	7788,396	2
30	1	10704	881,41639	7788,396	3
30	1	10706	1029,51351	12068,06111	2
30	1	10706	1029,51351	12068,06111	0
30	2	10706	1029,51351	12068,06111	1
30	1	10707	875,01132	8735,55	2
30	2	10707	875,01132	8735,55	3
30	2	10707	875,01132	8735,55	0
30	2	10708	426,9638	13663,43044	0
30	1	10708	426,9638	13663,43044	3
30	1	10708	426,9638	13663,43044	1
30	2	10708	426,9638	13663,43044	1
30	2	10709	913,51636	11273,33333	3
30	1	10709	913,51636	11273,33333	3
30	2	10713	668,0716	15993,61905	0
30	2	10713	668,0716	15993,61905	1
30	1	10713	668,0716	15993,61905	1
30	1	10713	668,0716	15993,61905	0
30	1	10714	1339,63566	5082,3	3
31	1	10717	1397,93726	21425,49444	0
31	2	10717	1397,93726	21425,49444	1
31	1	10717	1397,93726	21425,49444	1
31	1	10719	1403,61781	15360,78	1
31	2	10719	1403,61781	15360,78	2
31	1	10723	4155,1974	1781,4	1
31	1	10724	1457,39483	24265,07692	0
31	2	10724	1457,39483	24265,07692	1
31	2	10725	1512,66147	21484,9	3
31	1	10725	1512,66147	21484,9	1
31	2	10725	1512,66147	21484,9	3
31	2	10726	3816,77107	7205	3
31	1	10726	3816,77107	7205	3
31	1	10727	1586,42229	16964,25	2
31	2	10727	1586,42229	16964,25	1
31	2	10727	1586,42229	16964,25	2
31	1	10728	655,08259	23971,8	1
32	1	10730	1294,86027	15726	0
32	1	10730	1294,86027	15726	0
32	1	10730	1294,86027	15726	0
32	2	10730	1294,86027	15726	3
32	1	10730	1294,86027	15726	1
32	1	10732	1439,89414	15307,16667	0
32	2	10732	1439,89414	15307,16667	1
32	1	10732	1439,89414	15307,16667	1
32	1	10733	1249,51583	20691,46667	1
32	1	10733	1249,51583	20691,46667	3
32	2	10734	3559,6812	14645,1	3
32	1	10734	3559,6812	14645,1	3
32	2	10734	3559,6812	14645,1	1
32	1	10734	3559,6812	14645,1	1
32	2	10735	1230,11018	12905,29524	0
32	1	10735	1230,11018	12905,29524	0
32	2	10735	1230,11018	12905,29524	1
32	1	10735	1230,11018	12905,29524	1
32	1	10737	732,45651	12180,21739	0
32	1	10737	732,45651	12180,21739	3
32	2	10737	732,45651	12180,21739	1
32	1	10737	732,45651	12180,21739	1
32	2	10738	1619,99151	23819,06667	1
32	1	10738	1619,99151	23819,06667	2
32	2	10744	3606,88224	19062,82667	2
32	1	10744	3606,88224	19062,82667	2
30	1	10746	2451,40292	15880,95333	3
30	2	10746	2451,40292	15880,95333	3
30	1	10748	638,99908	2246,434783	0
30	2	10748	638,99908	2246,434783	0
30	2	10748	638,99908	2246,434783	2
30	1	10748	638,99908	2246,434783	2
30	1	10750	3627,35216	11071,86667	1
30	2	10750	3627,35216	11071,86667	3
28	2	10762	1426,94742	14145,70833	0
28	1	10762	1426,94742	14145,70833	0
28	1	10762	1426,94742	14145,70833	1
28	2	10762	1426,94742	14145,70833	1
28	1	10762	1426,94742	14145,70833	0
28	1	10763	1822,05212	17127,53333	3
28	2	10763	1822,05212	17127,53333	3
28	1	10764	3112,87622	9566,8	3
28	2	10764	3112,87622	9566,8	3
28	1	10766	1981,87304	15683,05556	1
28	2	10766	1981,87304	15683,05556	1
28	1	10766	1981,87304	15683,05556	0
28	2	10767	2452,35887	17504,35333	1
28	1	10767	2452,35887	17504,35333	2
28	2	10768	1230,11018	11302,10952	1
28	1	10768	1230,11018	11302,10952	2
28	2	10768	1230,11018	11302,10952	0
28	1	10768	1230,11018	11302,10952	0
28	1	10769	1758,57182	7438,133333	3
28	2	10769	1758,57182	7438,133333	3
28	2	10771	1850,58504	14494	1
28	2	10771	1850,58504	14494	3
5	2	12134	1390,24881	19156,33333	2
5	1	12134	1390,24881	19156,33333	1
5	2	12135	698,87096	3133,497059	2
5	2	12135	698,87096	3133,497059	0
5	2	12135	698,87096	3133,497059	0
5	1	12135	698,87096	3133,497059	0
5	2	12135	698,87096	3133,497059	0
5	2	12135	698,87096	3133,497059	2
5	2	12135	698,87096	3133,497059	3
5	1	12136	1020,29343	8696,8	1
5	1	12138	620,79012	22870,06667	1
5	2	12138	620,79012	22870,06667	1
5	2	12140	418,91671	11668,41304	1
5	2	12140	418,91671	11668,41304	0
5	2	12140	418,91671	11668,41304	2
5	1	12140	418,91671	11668,41304	1
5	2	12141	1069,72103	14153,4	1
5	1	12142	465,79489	26177	1
5	2	12143	2109,07317	4602,4	1
5	1	12143	2109,07317	4602,4	3
5	2	12143	2109,07317	4602,4	3
5	2	12144	1839,6727	25782,7	1
5	2	12145	1285,27159	9579	0
5	2	12145	1285,27159	9579	0
5	2	12145	1285,27159	9579	1
5	1	12147	963,11823	17895,95238	0
5	2	12147	963,11823	17895,95238	0
5	2	12147	963,11823	17895,95238	1
5	1	12147	963,11823	17895,95238	1
5	1	12149	2150,70323	7241,230769	0
5	2	12149	2150,70323	7241,230769	1
5	2	12150	1153,81604	28626,9	3
5	2	12150	1153,81604	28626,9	1
5	1	12150	1153,81604	28626,9	1
5	2	12151	3472,73217	1590	1
5	1	12152	963,11823	22341,79048	0
5	2	12152	963,11823	22341,79048	0
5	2	12152	963,11823	22341,79048	2
5	1	12152	963,11823	22341,79048	1
5	1	12156	728,22947	20936,14286	0
5	1	12156	728,22947	20936,14286	0
5	2	12156	728,22947	20936,14286	1
5	1	12156	728,22947	20936,14286	1
3	2	12159	1534,54435	8627,7	3
3	2	12159	1534,54435	8627,7	3
3	2	12159	1534,54435	8627,7	2
3	2	12161	1764,78298	9497,9	3
3	2	12163	1464,59379	14139,55556	0
3	2	12163	1464,59379	14139,55556	1
3	1	12163	1464,59379	14139,55556	1
3	2	12165	1471,1332	934,2777778	0
3	2	12165	1471,1332	934,2777778	2
3	2	12165	1471,1332	934,2777778	2
3	2	12166	1764,78298	10572,9	3
3	2	12167	3606,88224	4226,853333	3
3	1	12167	3606,88224	4226,853333	3
3	1	12168	2676,30935	8455,32	1
3	2	12168	2676,30935	8455,32	2
3	2	12169	2340,66626	13192,85714	1
3	1	12169	2340,66626	13192,85714	3
3	1	12169	2340,66626	13192,85714	1
3	2	12169	2340,66626	13192,85714	0
3	2	12169	2340,66626	13192,85714	3
3	2	12169	2340,66626	13192,85714	3
14	2	16125	2676,30935	10093,93333	1
14	1	16125	2676,30935	10093,93333	1
14	1	16126	1426,94742	17849,07692	0
14	1	16126	1426,94742	17849,07692	0
14	2	16126	1426,94742	17849,07692	0
14	1	16126	1426,94742	17849,07692	1
14	2	16126	1426,94742	17849,07692	1
14	1	16127	1018,24644	8648,772	2
14	2	16127	1018,24644	8648,772	3
14	1	16127	1018,24644	8648,772	0
14	2	16127	1018,24644	8648,772	3
14	1	16128	1648,25169	22202,53333	1
14	2	16128	1648,25169	22202,53333	1
14	2	16132	1139,97279	16777,09524	0
14	2	16132	1139,97279	16777,09524	0
14	2	16132	1139,97279	16777,09524	1
14	1	16132	1139,97279	16777,09524	1
14	1	16133	2676,30935	13402,76667	1
14	2	16133	2676,30935	13402,76667	2
14	1	16135	934,61351	14047,65217	0
14	1	16135	934,61351	14047,65217	3
14	2	16135	934,61351	14047,65217	3
14	1	16135	934,61351	14047,65217	1
14	1	16138	1139,97279	19340,67143	1
14	2	16138	1139,97279	19340,67143	0
14	2	16138	1139,97279	19340,67143	0
14	2	16138	1139,97279	19340,67143	1
13	2	16139	1567,1851	8859,45	3
13	2	16139	1567,1851	8859,45	2
13	1	16139	1567,1851	8859,45	1
13	2	16140	1658,25978	15150,672	2
13	1	16140	1658,25978	15150,672	1
13	2	16140	1658,25978	15150,672	1
13	1	16140	1658,25978	15150,672	1
13	1	16141	1867,48857	10435,22222	0
13	2	16141	1867,48857	10435,22222	3
13	1	16141	1867,48857	10435,22222	1
13	1	16142	1533,55119	24534,46667	1
13	2	16142	1533,55119	24534,46667	3
13	1	16143	4948,75928	18754,47	1
13	1	16145	1861,48265	21516,43077	0
13	2	16145	1861,48265	21516,43077	1
13	1	16146	896,68211	21271,5	1
13	1	16147	1071,02681	11187,31333	3
13	2	16147	1071,02681	11187,31333	3
13	1	16147	1071,02681	11187,31333	2
13	2	16147	1071,02681	11187,31333	3
13	1	16147	1071,02681	11187,31333	1
18	2	16149	882,27185	7476,6	3
18	1	16149	882,27185	7476,6	2
18	2	16149	882,27185	7476,6	3
18	1	16149	882,27185	7476,6	2
18	2	16150	2635,05398	38965,93333	1
18	1	16150	2635,05398	38965,93333	1
18	2	16151	2038,50574	18377,27	3
18	1	16151	2038,50574	18377,27	3
18	1	16151	2038,50574	18377,27	1
18	2	16152	1262,90518	9804,266667	2
18	2	16152	1262,90518	9804,266667	1
18	1	16154	1889,03127	13421,82609	0
18	2	16154	1889,03127	13421,82609	3
18	2	16154	1889,03127	13421,82609	1
18	1	16154	1889,03127	13421,82609	1
18	2	16157	1331,12349	12549,66667	3
18	1	16157	1331,12349	12549,66667	3
18	2	16158	1289,28479	8944,7	3
18	1	16161	1785,99042	25149,17	2
14	1	16163	5687,6663	10807,79	3
14	2	16164	939,22777	16178,54762	0
14	2	16164	939,22777	16178,54762	0
14	1	16164	939,22777	16178,54762	1
14	2	16164	939,22777	16178,54762	1
14	1	16167	1200,30932	27164,57333	2
14	2	16167	1200,30932	27164,57333	3
14	2	16169	1088,9594	5847,675	3
14	1	16169	1088,9594	5847,675	3
14	1	16169	1088,9594	5847,675	2
14	1	16172	1588,68754	15492	1
14	2	16172	1588,68754	15492	3
14	1	16173	2444,67748	7398,83	2
14	2	16175	8148,84569	7991,34	2
14	2	16176	3112,87622	22923,13333	1
14	1	16176	3112,87622	22923,13333	3
11	2	16180	558,83489	15564,796	3
11	2	16180	558,83489	15564,796	3
11	2	16180	558,83489	15564,796	2
11	1	16180	558,83489	15564,796	1
11	2	16181	867,17981	10365,33333	3
11	1	16181	867,17981	10365,33333	3
11	1	16182	526,09422	9497,678261	0
11	2	16182	526,09422	9497,678261	0
11	2	16182	526,09422	9497,678261	2
11	1	16182	526,09422	9497,678261	2
11	1	16183	354,46991	14871,56957	3
11	2	16183	354,46991	14871,56957	1
11	2	16183	354,46991	14871,56957	0
11	1	16183	354,46991	14871,56957	1
11	1	16184	556,20511	13333,12667	1
11	2	16184	556,20511	13333,12667	3
11	1	16185	946,49215	11221,86667	3
11	2	16185	946,49215	11221,86667	3
11	2	16186	542,38071	20270,44444	0
11	1	16186	542,38071	20270,44444	1
11	2	16186	542,38071	20270,44444	1
11	2	16187	916,74284	14539,9	3
14	1	16188	1352,77058	22113,2	1
14	2	16190	1669,37129	24324,53333	3
14	1	16190	1669,37129	24324,53333	3
14	2	16192	1043,20149	20682,2	3
14	1	16192	1043,20149	20682,2	3
14	2	16192	1043,20149	20682,2	2
14	2	16192	1043,20149	20682,2	1
14	1	16193	2385,46834	16293,85	2
14	1	16193	2385,46834	16293,85	3
14	2	16193	2385,46834	16293,85	3
14	2	16194	1139,97279	9829,890476	0
14	2	16194	1139,97279	9829,890476	0
14	2	16194	1139,97279	9829,890476	1
14	1	16194	1139,97279	9829,890476	2
14	1	16196	1699,41393	12949,6	1
14	2	16196	1699,41393	12949,6	2
14	1	16196	1699,41393	12949,6	1
14	1	16198	732,45651	13662,6087	0
14	1	16198	732,45651	13662,6087	3
14	1	16198	732,45651	13662,6087	1
14	2	16198	732,45651	13662,6087	1
14	1	16201	1789,17385	12150,52174	0
14	1	16201	1789,17385	12150,52174	3
14	2	16201	1789,17385	12150,52174	2
14	1	16201	1789,17385	12150,52174	1
13	2	16202	690,01853	7753,176191	2
13	1	16202	690,01853	7753,176191	0
13	1	16202	690,01853	7753,176191	0
13	1	16202	690,01853	7753,176191	1
13	1	16204	882,78591	18925,725	1
13	2	16204	882,78591	18925,725	2
13	1	16204	882,78591	18925,725	1
13	2	16205	3155,0667	8156,3	3
13	1	16206	702,71685	5156	2
13	2	16207	984,08314	13648,8	3
13	2	16208	875,01132	10569,33333	0
13	2	16208	875,01132	10569,33333	1
13	1	16208	875,01132	10569,33333	1
13	2	16209	510,35246	15782,344	3
13	1	16209	510,35246	15782,344	3
13	1	16209	510,35246	15782,344	1
13	1	16209	510,35246	15782,344	1
13	2	16212	984,08314	38648	3
24	1	16216	1533,55119	14103,03333	1
24	2	16216	1533,55119	14103,03333	3
24	2	16217	3559,6812	10377,864	3
24	1	16217	3559,6812	10377,864	3
24	2	16217	3559,6812	10377,864	3
24	1	16217	3559,6812	10377,864	1
24	1	16218	1669,37129	16862,46667	3
24	2	16218	1669,37129	16862,46667	3
24	2	16220	2157,16886	11088,48667	1
24	1	16220	2157,16886	11088,48667	1
24	1	16220	2157,16886	11088,48667	2
24	1	16220	2157,16886	11088,48667	3
24	1	16220	2157,16886	11088,48667	3
24	2	16221	1669,37129	17648,8	3
24	1	16221	1669,37129	17648,8	3
24	2	16224	1505,72799	12728,86667	3
24	2	16224	1505,72799	12728,86667	3
24	2	16225	2410,24024	10566,376	3
24	2	16225	2410,24024	10566,376	3
24	1	16225	2410,24024	10566,376	1
24	2	16225	2410,24024	10566,376	3
24	2	16226	1758,57182	11702,2	3
24	1	16226	1758,57182	11702,2	3
13	2	16230	2274,15155	18246,46667	3
13	1	16230	2274,15155	18246,46667	3
13	1	16231	822,93239	8999,607143	3
13	1	16231	822,93239	8999,607143	0
13	1	16231	822,93239	8999,607143	2
13	2	16231	822,93239	8999,607143	2
13	1	16231	822,93239	8999,607143	3
13	1	16232	1770,41569	8485,111111	0
13	2	16232	1770,41569	8485,111111	3
13	1	16232	1770,41569	8485,111111	2
13	1	16233	1434,91581	11861,69	2
13	2	16234	1955,21204	17810,2	2
13	1	16234	1955,21204	17810,2	2
13	1	16235	1523,18339	8781,77	2
13	1	16235	1523,18339	8781,77	3
13	2	16235	1523,18339	8781,77	3
13	1	16236	977,07127	6751,835	2
13	2	16236	977,07127	6751,835	3
13	1	16236	977,07127	6751,835	3
13	2	16237	1289,28479	8901,3	3
13	2	16238	3240,35991	11283,46	1
13	2	16241	1165,05441	10645,46154	0
13	2	16241	1165,05441	10645,46154	1
13	2	16242	1183,50553	12071,73333	1
13	1	16242	1183,50553	12071,73333	2
13	2	16243	1354,29914	11417,9	1
13	2	16244	1284,74715	8213,533333	3
13	1	16244	1284,74715	8213,533333	3
13	2	16245	739,85589	13223,62857	0
13	1	16245	739,85589	13223,62857	0
13	2	16245	739,85589	13223,62857	1
13	1	16245	739,85589	13223,62857	1
13	2	16246	1504,42959	3585,1	2
13	2	16247	1791,60216	36406,2	1
13	1	16247	1791,60216	36406,2	1
25	1	16249	2290,83268	9894,826667	3
25	2	16249	2290,83268	9894,826667	2
25	1	16250	1818,50991	2623,761905	0
25	1	16250	1818,50991	2623,761905	0
25	2	16250	1818,50991	2623,761905	3
25	1	16250	1818,50991	2623,761905	2
25	2	16251	2449,07619	15004,44444	1
25	2	16251	2449,07619	15004,44444	0
25	1	16251	2449,07619	15004,44444	1
25	1	16252	1971,24999	16444,47222	0
25	2	16252	1971,24999	16444,47222	2
25	1	16252	1971,24999	16444,47222	1
25	2	16254	1760,66987	9228,276191	1
25	2	16254	1760,66987	9228,276191	0
25	1	16254	1760,66987	9228,276191	0
25	1	16254	1760,66987	9228,276191	2
25	2	16256	2593,50273	12998,3	3
25	2	16259	3663,93239	20064,70667	1
25	1	16259	3663,93239	20064,70667	2
25	2	16260	1560,65039	13978,71429	0
25	2	16260	1560,65039	13978,71429	0
25	1	16260	1560,65039	13978,71429	1
25	2	16260	1560,65039	13978,71429	1
13	2	16261	898,67273	10026	0
13	1	16261	898,67273	10026	0
13	1	16261	898,67273	10026	1
13	2	16261	898,67273	10026	1
13	1	16262	1210,97756	21596,73333	1
13	2	16262	1210,97756	21596,73333	1
13	2	16265	3240,35991	22595,6	1
13	2	16266	898,67273	7823,809524	0
13	1	16266	898,67273	7823,809524	0
13	1	16266	898,67273	7823,809524	1
13	2	16266	898,67273	7823,809524	3
13	2	16271	832,82171	16770,26667	0
13	2	16271	832,82171	16770,26667	0
13	2	16271	832,82171	16770,26667	1
13	1	16271	832,82171	16770,26667	1
13	2	16272	2274,15155	19564,13333	1
13	1	16272	2274,15155	19564,13333	3
13	2	16275	739,85589	7948,333333	0
13	2	16275	739,85589	7948,333333	1
13	1	16275	739,85589	7948,333333	1
13	1	16275	739,85589	7948,333333	0
13	1	16276	841,09632	9183,14	3
13	1	16276	841,09632	9183,14	1
13	2	16276	841,09632	9183,14	3
15	2	16278	1379,52604	13437,45556	0
15	2	16278	1379,52604	13437,45556	2
15	1	16278	1379,52604	13437,45556	2
15	2	16279	1441,64687	33746,2	1
15	2	16283	1270,38765	20503,2	3
15	1	16283	1270,38765	20503,2	3
15	2	16286	867,51663	35043,32381	0
15	2	16286	867,51663	35043,32381	0
15	2	16286	867,51663	35043,32381	2
15	1	16286	867,51663	35043,32381	1
15	2	16287	1232,80976	14659,27333	2
15	1	16287	1232,80976	14659,27333	1
15	1	16288	1494,69366	14998,8	1
15	2	16290	2368,89154	30441,06667	3
15	1	16290	2368,89154	30441,06667	3
15	1	16291	1338,26905	23973,53333	3
15	2	16291	1338,26905	23973,53333	3
15	1	16293	797,24721	7999,45	2
15	2	16293	797,24721	7999,45	3
15	1	16293	797,24721	7999,45	3
15	1	16295	2343,10988	18505,15	1
15	2	16295	2343,10988	18505,15	3
15	1	16295	2343,10988	18505,15	1
15	2	16300	1123,99647	35091,86667	3
15	1	16300	1123,99647	35091,86667	1
15	2	16301	1386,57741	14920,73333	3
15	1	16301	1386,57741	14920,73333	3
15	1	16302	1962,51871	15396,3	3
15	2	16303	1190,89337	10074,47619	0
15	2	16303	1190,89337	10074,47619	0
15	2	16303	1190,89337	10074,47619	3
15	1	16303	1190,89337	10074,47619	2
15	1	16304	1485,88536	10717,5	2
15	2	16304	1485,88536	10717,5	2
15	2	16307	1338,26905	14735,73333	3
15	1	16307	1338,26905	14735,73333	3
15	1	16311	1651,00606	14043,7	3
15	2	16312	1342,99573	9573,9	3
15	2	16314	1311,11149	8156,772	3
15	1	16314	1311,11149	8156,772	2
15	1	16314	1311,11149	8156,772	3
15	1	16314	1311,11149	8156,772	1
15	2	16316	2044,95467	11781,16667	1
15	1	16316	2044,95467	11781,16667	3
15	1	16316	2044,95467	11781,16667	0
15	1	16318	867,51663	8617,619048	1
15	2	16318	867,51663	8617,619048	3
15	2	16318	867,51663	8617,619048	0
15	2	16318	867,51663	8617,619048	0
15	2	16319	846,53441	18222,17391	1
15	1	16319	846,53441	18222,17391	0
15	2	16319	846,53441	18222,17391	3
15	1	16319	846,53441	18222,17391	1
15	2	16320	1666,05158	26709,1	1
15	1	16320	1666,05158	26709,1	1
15	1	16320	1666,05158	26709,1	3
15	1	16321	893,75728	16460,468	3
15	1	16321	893,75728	16460,468	3
15	2	16321	893,75728	16460,468	2
15	1	16321	893,75728	16460,468	1
15	2	16322	1783,54169	9134,25	1
15	2	16322	1783,54169	9134,25	3
15	1	16322	1783,54169	9134,25	3
15	2	16323	2744,82897	14487,51333	3
15	1	16323	2744,82897	14487,51333	2
15	1	16324	842,40232	18612,33333	0
15	2	16324	842,40232	18612,33333	0
15	2	16324	842,40232	18612,33333	1
15	1	16324	842,40232	18612,33333	1
15	2	16325	1342,99573	17038	3
15	1	16326	1487,49768	17224,53	3
15	1	16326	1487,49768	17224,53	2
15	2	16326	1487,49768	17224,53	3
15	2	16328	1227,53617	13483,2	3
15	1	16328	1227,53617	13483,2	3
15	2	16331	2991,55299	22104,04	3
15	1	16331	2991,55299	22104,04	1
15	2	16331	2991,55299	22104,04	1
15	1	16331	2991,55299	22104,04	1
15	1	16335	1088,18366	11065,1	1
15	2	16335	1088,18366	11065,1	1
15	2	16335	1088,18366	11065,1	3
15	1	16335	1088,18366	11065,1	1
15	1	16336	2169,45845	1565,277778	0
15	2	16336	2169,45845	1565,277778	3
15	1	16336	2169,45845	1565,277778	2
15	1	16337	1651,00606	21418,4	3
15	2	16338	1808,54821	1500,3	3
15	2	16339	1270,38765	28343,8	3
15	1	16339	1270,38765	28343,8	3
15	1	16340	3533,99237	4268,346667	1
15	1	16340	3533,99237	4268,346667	2
15	1	16342	1089,98456	2411,2	0
15	2	16342	1089,98456	2411,2	2
15	1	16342	1089,98456	2411,2	2
15	2	16343	2505,16949	28530,06667	1
15	1	16343	2505,16949	28530,06667	3
15	1	16344	1666,05158	20416,75	1
15	2	16344	1666,05158	20416,75	1
15	1	16344	1666,05158	20416,75	1
15	2	16345	1261,42626	30244,08667	2
15	1	16345	1261,42626	30244,08667	1
15	1	16346	1386,57741	18047,6	3
15	2	16346	1386,57741	18047,6	3
15	2	16347	3375,35163	1245,8	2
15	2	16349	2092,34197	9158,692308	0
15	2	16349	2092,34197	9158,692308	2
15	1	16350	1029,45525	24516,8	1
15	2	16351	987,84483	11493,05556	0
15	1	16351	987,84483	11493,05556	1
15	2	16351	987,84483	11493,05556	1
15	1	16352	3207,53868	6453,2	0
15	2	16352	3207,53868	6453,2	2
15	1	16352	3207,53868	6453,2	2
15	1	16353	1281,86053	30944,55556	1
15	2	16353	1281,86053	30944,55556	0
15	2	16353	1281,86053	30944,55556	1
15	1	16356	1199,22301	9474,55	1
15	1	16356	1199,22301	9474,55	3
15	2	16356	1199,22301	9474,55	3
15	2	16357	1513,77978	31525,985	3
15	1	16357	1513,77978	31525,985	3
15	2	16357	1513,77978	31525,985	1
15	1	16359	1889,5638	24639,33333	1
15	2	16359	1889,5638	24639,33333	3
15	2	16362	1270,38765	9417,466667	3
15	1	16362	1270,38765	9417,466667	3
15	1	16366	1314,06717	10410,16111	0
15	2	16366	1314,06717	10410,16111	1
15	1	16366	1314,06717	10410,16111	1
15	2	16368	4456,26721	7282,913044	0
15	2	16368	4456,26721	7282,913044	3
15	1	16368	4456,26721	7282,913044	1
15	2	16368	4456,26721	7282,913044	3
11	1	16370	1364,31767	17044,31111	0
11	1	16370	1364,31767	17044,31111	1
11	2	16370	1364,31767	17044,31111	1
11	1	16372	1874,12389	15776,8	1
11	1	16373	1584,97675	12009,46	3
11	2	16374	1289,28479	8118,8	3
11	2	16375	1284,74715	7871,866667	3
11	1	16375	1284,74715	7871,866667	3
11	2	16377	1121,02899	9419,857143	0
11	2	16377	1121,02899	9419,857143	1
11	1	16377	1121,02899	9419,857143	1
11	2	16377	1121,02899	9419,857143	2
11	2	16377	1121,02899	9419,857143	0
11	1	16378	1079,04405	36873,4	1
11	2	16378	1079,04405	36873,4	1
11	2	16379	1238,53962	12948,61	1
11	2	16379	1238,53962	12948,61	1
11	1	16379	1238,53962	12948,61	1
